-1159.0042231927544 9.301017579617788E-6 -9.658289115520098 -1.8325426851259708E-4 -7.02544156319301E-6
-1154.4768629459077 1.2404550590983943E-5 -9.508535956455425 -2.0805200035759706E-4 -3.959661595032825E-5
-1149.949502699061 1.5694002793866015E-5 -9.426009213811428 -2.2954955774073934E-4 -6.36775813764623E-5
-1145.4221424522143 1.8604902723570994E-5 -9.385870081797691 -2.469493362106924E-4 -7.930549580710085E-5
-1140.8947822053676 2.07524174608425E-5 -9.371600613277247 -2.595908765263125E-4 -8.747054653634007E-5
-1136.367421958521 2.1949289782352393E-5 -9.372056668335329 -2.6701275096716927E-4 -8.983580956285708E-5
-1131.8400617116743 2.217421153221362E-5 -9.379012358444662 -2.6899891492153426E-4 -8.842600633425239E-5
-1127.3127014648276 2.1523206494792447E-5 -9.385786085027016 -2.6560480701997235E-4 -8.532113921775274E-5
-1122.7853412179809 2.0166335121985673E-5 -9.386566707482242 -2.5716075563789024E-4 -8.238722266369839E-5
-1118.257980971134 1.8316810377280294E-5 -9.376140021384868 -2.44252665448954E-4 -8.106948045674392E-5
-1113.7306207242873 1.6208065570720425E-5 -9.349890834626736 -2.2768224990007838E-4 -8.226434751757308E-5
-1109.2032604774406 1.4070875444183999E-5 -9.304113936941592 -2.084110067273069E-4 -8.627648223604954E-5
-1104.675900230594 1.2106615624874562E-5 -9.23676387455423 -1.8749351858536487E-4 -9.285691356523172E-5
-1100.1485399837472 1.0459860554838085E-5 -9.14866722695706 -1.660063836893026E-4 -1.0130950823524167E-4
-1095.6211797369006 9.198693958893277E-6 -9.044720419215292 -1.449791050797978E-4 -1.1064606450395648E-4
-1091.0938194900539 8.311143235937514E-6 -8.93391651740288 -1.2533263390681118E-4 -1.197661679652375E-4
-1086.5664592432072 7.72104714126182E-6 -8.827290091590077 -1.0783008486652623E-4 -1.2763679958729685E-4
-1082.0390989963605 7.3191971792195715E-6 -8.734666905679592 -9.30425881783552E-5 -1.3344852999371603E-4
-1077.5117387495138 6.9995979627929235E-6 -8.662424008117378 -8.133151282932811E-5 -1.3672959388698157E-4
-1072.9843785026671 6.689057211343073E-6 -8.61329274400074 -7.284659918277142E-5 -1.374055592100273E-4
-1068.4570182558205 6.3616335551603485E-6 -8.58732482052723 -6.753806793662824E-5 -1.3579983508260133E-4
-1063.9296580089738 6.035937988857843E-6 -8.582742669846855 -6.517968075718724E-5 -1.3257795724860746E-4
-1059.402297762127 5.759771183439354E-6 -8.596129764368937 -6.539911419223389E-5 -1.2864552768758185E-4
-1054.8749375152804 5.590229285734071E-6 -8.622205502893706 -6.771190595851933E-5 -1.2501507258110884E-4
-1050.3475772684337 5.576980638416684E-6 -8.653908349782363 -7.155560786761704E-5 -1.2266034352411488E-4
-1045.820217021587 5.752717521157947E-6 -8.68344414513319 -7.632153883920854E-5 -1.223774217441644E-4
-1041.2928567747401 6.130111028393496E-6 -8.704139273897471 -8.138253490841009E-5 -1.2467039813867837E-4
-1036.7654965278934 6.701464950233715E-6 -8.712026961719157 -8.611617469129828E-5 -1.2967568864768444E-4
-1032.2381362810468 7.437161779011472E-6 -8.70621025729299 -8.992394860206911E-5 -1.3713374567635143E-4
-1027.7107760342 8.281696062122734E-6 -8.688040980144288 -9.224758777126251E-5 -1.4641075381855676E-4
-1023.1834157873534 9.149867365906719E-6 -8.659838879904635 -9.258416340936756E-5 -1.5656664221061072E-4
-1018.6560555405067 9.928258923982912E-6 -8.623791454618367 -9.050155345257476E-5 -1.6646017579509463E-4
-1014.12869529366 1.0486774245249518E-5 -8.581267264302296 -8.565545753369244E-5 -1.7487765867080284E-4
-1009.6013350468133 1.0701523516268001E-5 -8.532472273825537 -7.78083925517981E-5 -1.8066935912857483E-4
-1005.0739747999667 1.0485120890018931E-5 -8.47626796778481 -6.685014138753845E-5 -1.8287737188743802E-4
-1000.54661455312 9.815816976130745E-6 -8.409977480744557 -5.281811538263673E-5 -1.8084023320494657E-4
-996.0192543062733 8.755089568865766E-6 -8.329063023233243 -3.5915200818379616E-5 -1.742629188042008E-4
-991.4918940594266 7.445474786220086E-6 -8.226677602661805 -1.6522055172311437E-5 -1.6324540230074975E-4
-986.9645338125799 6.086040070556346E-6 -8.093452922107627 4.799368376627741E-6 -1.4826811983115358E-4
-982.4371735657331 4.890051736081836E-6 -7.91892904392949 2.7313981891539224E-5 -1.3013781125783728E-4
-977.9098133188864 4.0355023179034805E-6 -7.697825546845628 5.0135508555510956E-5 -1.0990166105922107E-4
-973.3824530720398 3.6220378146539907E-6 -7.442402394649438 7.226305290661416E-5 -8.874092702926976E-5
-968.8550928251931 3.6464506092439824E-6 -7.1872521947344525 9.263155674626285E-5 -6.785697968264631E-5
-964.3277325783464 4.0037680526371325E-6 -6.968656932247659 1.1017368728610231E-4 -4.8362746467670976E-5
-959.8003723314997 4.513790200343515E-6 -6.801654844251136 1.2388906626673252E-4 -3.119104609351045E-5
-955.273012084653 4.965986324019065E-6 -6.682435943682028 1.3291540699170672E-4 -1.7028489364824745E-5
-950.7456518378063 5.170979244825868E-6 -6.600957301842198 1.3659527667931644E-4 -6.279944972043301E-6
-946.2182915909596 5.0056049687700175E-6 -6.548061501468753 1.3453199084270776E-4 9.354589129011335E-7
-941.6909313441129 4.440803358010141E-6 -6.5174449014196885 1.2662865020250186E-4 4.759667759374156E-6
-937.1635710972662 3.546467887270157E-6 -6.505998931797489 1.1310554051358114E-4 5.548412744252525E-6
-932.6362108504195 2.473366155697536E-6 -6.5147216088913 9.449293638884143E-5 3.8094857149253515E-6
-928.1088506035728 1.4177352933472109E-6 -6.553120114498176 7.159860772473767E-5 1.3565846589379991E-7
-923.5814903567261 5.77858732608658E-7 -6.661515853142055 4.5451787283629364E-5 -4.859047392751228E-6
-919.0541301098795 1.131110139002454E-7 -7.106284266922734 1.7227752105946956E-5 -1.059253857404371E-5
-914.5267698630328 1.1454612010552156E-7 -8.746764859509048 -1.1840770871756545E-5 -1.655242132191509E-5
-909.9994096161861 5.926457185906762E-7 -9.193582822239291 -4.055768355942305E-5 -2.2316311775958083E-5
-905.4720493693393 1.4833289807471006E-6 -9.310857608865177 -6.785466415329392E-5 -2.7555459256805846E-5
-900.9446891224926 2.668949363343745E-6 -9.364544286060244 -9.287109743235907E-5 -3.202490295533214E-5
-896.4173288756459 4.007866900768611E-6 -9.396872074040315 -1.1501548710430035E-4 -3.55451169399411E-5
-891.8899686287992 5.365008964576944E-6 -9.420417540616459 -1.3400279321261957E-4 -3.7980908678611866E-5
-887.3626083819526 6.636759349345555E-6 -9.440625070651558 -1.4986445662287958E-4 -3.922315496892847E-5
-882.8352481351059 7.76606475998487E-6 -9.460629941948454 -1.6293051718919963E-4 -3.917786708301874E-5
-878.3078878882592 8.746874425783547E-6 -9.482625149346923 -1.7378591605047438E-4 -3.7765285973338226E-5
-873.7805276414125 9.619844956523251E-6 -9.508210893619864 -1.8320550645980859E-4 -3.492952647521483E-5
-869.2531673945657 1.046279970578993E-5 -9.538331961481358 -1.9207422372157998E-4 -3.06570729421687E-5
-864.725807147719 1.1379416403511978E-5 -9.57304485478444 -2.0130008671976176E-4 -2.5000529352734767E-5
-860.1984469008723 1.2488340206594561E-5 -9.611314966144853 -2.1172810844837013E-4 -1.8102740663461414E-5
-855.6710866540257 1.3913157325932378E-5 -9.651044984124502 -2.240627637647121E-4 -1.0215927597669833E-5
-851.143726407179 1.5772309716181206E-5 -9.689443237180537 -2.3880547761194462E-4 -1.7108882607107523E-6
-846.6163661603323 1.816770750043907E-5 -9.723638837105067 -2.562118181270709E-4 6.927442057687879E-6
-842.0890059134856 2.117159977183007E-5 -9.751281448465294 -2.762709299119588E-4 1.5119898463602301E-5
-837.5616456666389 2.4812748997545056E-5 -9.770884630881646 -2.987074793951665E-4 2.222803542807261E-5
-833.0342854197922 2.9064353719781165E-5 -9.781852516822726 -3.230042629760366E-4 2.7601401843679428E-5
-828.5069251729454 3.3836755804170096E-5 -9.784294653403997 -3.4844187475091987E-4 3.063243682517009E-5
-823.9795649260988 3.897740248747806E-5 -9.778776275638647 -3.7415061191253135E-4 3.0812885231845586E-5
-819.4522046792521 4.427898323628095E-5 -9.766102558760764 -3.99169204855127E-4 2.7785042049261014E-5
-814.9248444324054 4.9494730333627624E-5 -9.747170719718103 -4.225050051576292E-4 2.138144907892649E-5
-810.3974841855587 5.435830943529585E-5 -9.722883233281385 -4.431908781503053E-4 1.1647857585027682E-5
-805.870123938712 5.8605089349924526E-5 -9.694101014077832 -4.603350923692516E-4 -1.1538138645052494E-6
-801.3427636918653 6.199199936049167E-5 -9.661615961445685 -4.7316179691638064E-4 -1.6563407608673746E-5
-796.8154034450187 6.431433116942063E-5 -9.626128189070707 -4.810410336943212E-4 -3.395967632910989E-5
-792.288043198172 6.541911585632447E-5 -9.588219640360641 -4.8350845957055826E-4 -5.2612625691828356E-5
-787.7606829513252 6.521551271581035E-5 -9.548320797229385 -4.802759042118745E-4 -7.17451568717986E-5
-783.2333227044785 6.36826761583263E-5 -9.506670381300427 -4.7123446725990634E-4 -9.059699602187771E-5
-778.7059624576318 6.087491217372293E-5 -9.463269417846504 -4.5645203247741587E-4 -1.0848367118250421E-4
-774.1786022107851 5.692302642153612E-5 -9.417831203529635 -4.361668797026845E-4 -1.248439912209432E-4
-769.6512419639384 5.203015421240965E-5 -9.369728376044941 -4.107785964437427E-4 -1.392710010840435E-4
-765.1238817170918 4.646047166585951E-5 -9.31793872230227 -3.8083685674953824E-4 -1.5152352889382536E-4
-760.5965214702451 4.0520133178124444E-5 -9.26099469251021 -3.47027989275764E-4 -1.6151791837264412E-4
-756.0691612233984 3.4531337194476536E-5 -9.196951351436914 -3.101587360697499E-4 -1.6930202788980163E-4
-751.5418009765516 2.8802129122476037E-5 -9.123409345430032 -2.711363170228124E-4 -1.7501575016802413E-4
-747.0144407297049 2.359589553612612E-5 -9.037669909106771 -2.3094392586458132E-4 -1.78843884652005E-4
-742.4870804828582 1.9105101596668528E-5 -8.937155222074885 -1.90611101842704E-4 -1.809679798911968E-4
-737.9597202360115 1.5433513350680425E-5 -8.820254408884647 -1.5117900242647507E-4 -1.8152366544592948E-4
-733.4323599891649 1.258999715086168E-5 -8.687612687946714 -1.1366135585877315E-4 -1.805690392553451E-4
-728.9049997423182 1.0495232819742818E-5 -8.543385040228554 -7.900267642443787E-5 -1.7806800758422782E-4
-724.3776394954715 9.000627837427841E-6 -8.395332928827228 -4.803604678653775E-5 -1.7389032411190995E-4
-719.8502792486248 7.916706707545769E-6 -8.252892223312813 -2.1443287388883783E-5 -1.6782773692276806E-4
-715.3229190017781 7.046591819872195E-6 -8.124060458169478 2.7945129262063973E-7 -1.5962344278456274E-4
-710.7955587549313 6.219184578345539E-6 -8.013224766223155 1.684777207238355E-5 -1.4901026191630528E-4
-706.2681985080847 5.316540920919317E-6 -7.920961256236162 2.820437115189585E-5 -1.3575181841917917E-4
-701.740838261238 4.29084463716303E-6 -7.844983295233255 3.4521995007947384E-5 -1.196806862892284E-4
-697.2134780143913 3.1682585415705682E-6 -7.780859632671668 3.6193353680484324E-5 -1.0072797440150162E-4
-692.6861177675446 2.039481394793778E-6 -7.721166433676114 3.380838735654349E-5 -7.894009951514729E-5
-688.1587575206979 1.0395384434294431E-6 -7.649323540155661 2.8120286335470584E-5 -5.4480356184416177E-5
-683.6313972738512 3.215505733839172E-7 -7.498940799752403 2.000249322755849E-5 -2.761508122968641E-5
-679.1040370270046 3.038658779372218E-8 -6.429369066245719 1.0399479870267065E-5 1.3135701576679446E-6
-674.5766767801578 2.8187625536557836E-7 -4.992811806573849 2.743420078591835E-7 3.1924271281707474E-5
-670.0493165333111 1.1516866737850913E-6 -4.837347977857729 -9.443806730482197E-6 6.383721658920004E-5
-665.5219562864644 2.675448031565694E-6 -4.801105602876711 -1.790998553848467E-5 9.671280191429182E-5
-660.9945960396177 4.858908486470602E-6 -4.79901185257597 -2.440888976557206E-5 1.302823816558187E-4
-656.467235792771 7.69449410167247E-6 -4.813156821156788 -2.8394249862675963E-5 1.6436615660677864E-4
-651.9398755459243 1.1179179548420549E-5 -4.836854694313521 -2.952096531656398E-5 1.9887490781485457E-4
-647.4125152990777 1.5328284053295824E-5 -4.866417277084201 -2.766937833451814E-5 2.3379443860188718E-4
-642.885155052231 2.0180648381844627E-5 -4.899115488580844 -2.2961268482708924E-5 2.691539411997502E-4
-638.3577948053843 2.579237787131309E-5 -4.932565765410091 -1.576716469070186E-5 3.04981759203884E-4
-633.8304345585375 3.221864100619797E-5 -4.964574586426364 -6.704421834191443E-6 3.4125387488959086E-4
-629.3030743116908 3.948560232519861E-5 -4.99314983794937 3.374723731928476E-6 3.778416622521929E-4
-624.7757140648441 4.7557176757894365E-5 -5.016552733442376 1.340611037235106E-5 4.1446584378738305E-4
-620.2483538179974 5.6303602382604924E-5 -5.033325814177911 2.2148664515053283E-5 4.5066310559821075E-4
-615.7209935711508 6.548038161591362E-5 -5.042271805965935 2.823231019804466E-5 4.857705074895328E-4
-611.1936333243041 7.472632591271441E-5 -5.042386131884001 3.0219070066893534E-5 5.18930825595312E-4
-606.6662730774574 8.35876252961868E-5 -5.032761279205959 2.6676748481318845E-5 5.491195269497198E-4
-602.1389128306107 9.15706753879698E-5 -5.012485655485488 1.626336312284726E-5 5.751914996207624E-4
-597.6115525837639 9.822003748975244E-5 -4.980558857751043 -2.18094509189319E-6 5.959432717487826E-4
-593.0841923369172 1.0321040025871267E-4 -4.935845858580297 -2.953927801383541E-5 6.101845525735865E-4
-588.5568320900705 1.064345633674139E-4 -4.877098589156042 -6.632670409132371E-5 6.168117655139188E-4
-584.0294718432239 1.080655163588589E-4 -4.8030842128347455 -1.1260937707587135E-4 6.148759755805823E-4
-579.5021115963772 1.085716662619064E-4 -4.712865409764875 -1.67941471387335E-4 6.036382883801176E-4
-574.9747513495305 1.0867122349564044E-4 -4.606253688982483 -2.3132702170019983E-4 5.826073449070595E-4
-570.4473911026838 1.0922414605718895E-4 -4.484363253122085 -3.0121262840328424E-4 5.51555772866892E-4
-565.9200308558371 1.1107554033654274E-4 -4.350022454537534 -3.7551509410473316E-4 5.105151081869115E-4
-561.3926706089904 1.1487928227392501E-4 -4.207669781287745 -4.5168551064813907E-4 4.5975143790661147E-4
-556.8653103621436 1.2094060738205149E-4 -4.0625126414602155 -5.268083359181102E-4 3.9972648777744516E-4
-552.337950115297 1.2911798293782056E-4 -3.9192132449911767 -5.977308732201366E-4 3.310507597402506E-4
-547.8105898684503 1.388160463097612E-4 -3.7807575866139826 -6.612156237957065E-4 2.5443635747717853E-4
-543.2832296216036 1.4908367794050725E-4 -3.6480027652773916 -7.141055594672713E-4 1.706571644309641E-4
-538.7558693747569 1.5880787526206604E-4 -3.519884746448735 -7.534907544092638E-4 8.052302310477196E-5
-534.2285091279102 1.6697034493718643E-4 -3.393952246131735 -7.768642433086731E-4 -1.5127396718792473E-5
-529.7011488810635 1.729154951819395E-4 -3.266940131511036 -7.822555512818668E-4 -1.1541304051557413E-4
-525.1737886342169 1.765706471835313E-4 -3.135298352258511 -7.683320564534664E-4 -2.1937731596119765E-4
-520.6464283873701 1.7856436828320637E-4 -2.9957523331378253 -7.344610568817503E-4 -3.259395552794546E-4
-516.1190681405234 1.8020644956397896E-4 -2.846016794196448 -6.807288596615911E-4 -4.338380429351382E-4
-511.5917078936767 1.8331987377463417E-4 -2.6856756061827323 -6.079170410494002E-4 -5.415735478063938E-4
-507.06434764683 1.8994565683256207E-4 -2.516942068079369 -5.174398401254921E-4 -6.473632446183225E-4
-502.53698739998333 2.019692899038728E-4 -2.3446867173212524 -4.1125003711562215E-4 -7.491146344074806E-4
-498.00962715313665 2.207367184972791E-4 -2.175258155505963 -2.9172326562266484E-4 -8.444275441209594E-4
-493.48226690628996 2.467341177562263E-4 -2.014486638701505 -1.6153223609921473E-4 -9.306296201997363E-4
-488.9549066594432 2.793974313538199E-4 -1.866030742532785 -2.352264594490851E-5 -0.00100484719400569
-484.42754641259654 3.1709587409080574E-4 -1.7308881917536727 1.1939840101963103E-4 -0.001064109370681326
-479.90018616574986 3.573021957236794E-4 -1.6079040679130365 2.643527245050409E-4 -0.001105479136995058
-475.3728259189032 3.969273771033917E-4 -1.4946185195598787 4.0855436618145283E-4 -0.0011262016820132825
-470.84546567205643 4.3276554360470833E-4 -1.3879768340076648 5.493435652711385E-4 -0.001123857428260765
-466.31810542520975 4.6197295882601576E-4 -1.284763615677793 6.841927318720413E-4 -0.001096505843017852
-461.79074517836307 4.8249809305912815E-4 -1.1818112000898715 8.106890557344254E-4 -0.0010428061665049965
-457.2633849315164 4.93390158869785E-4 -1.0760762909866202 9.265010328283526E-4 -9.621028146575593E-4
-452.73602468466964 4.94939723407613E-4 -0.9646639758394926 0.0010293378694238777 -8.544662660626447E-4
-448.20866443782296 4.886419013327552E-4 -0.8448566737085592 0.0011169112556797575 -7.206844287597286E-4
-443.6813041909763 4.7701223402068615E-4 -0.7141931519291589 0.0011869083463428348 -5.622043618018111E-4
-439.1539439441296 4.6331857056576184E-4 -0.5706379164461097 0.0012369830429813677 -3.810292606595696E-4
-434.62658369728285 4.5131103265071495E-4 -0.4128731999694537 0.001264770064196806 -1.795802308063438E-4
-430.09922345043617 4.450315653279085E-4 -0.2407146651436296 0.001267923139609939 3.946397213334778E-5
-425.5718632035895 4.4876430397140094E-4 -0.05557420599692087 0.0012441753514414132 2.733338091250875E-4
-421.0445029567428 4.671524952936159E-4 0.13922870418904232 0.0011914165696556187 5.193264531970054E-4
-416.5171427098961 5.054652556376056E-4 0.3385891408358237 0.001107780446695317 7.749391774967614E-4
-411.9897824630494 5.69958020126082E-4 0.5363439423488696 9.917318467862477E-4 0.0010379668214647551
-407.4624222162027 6.68243344374993E-4 0.7264299751879886 8.42145069036369E-4 0.0013065558046577211
-402.935061969356 8.0957996950856E-4 0.9039821636882195 6.583638457981136E-4 0.0015792123159514178
-398.40770172250933 0.0010049995848896518 1.0659256038107952 4.4023579238158003E-4 0.001854767733730695
-393.8803414756626 0.001267219803007942 1.2109726459311734 1.8811656706195E-4 0.0021323093796084143
-389.3529812288159 0.0016103321449739394 1.3392412629347543 -9.715780863195449E-5 0.002411088755463029
-384.8256209819692 0.002049296968756667 1.4517677285659332 -4.1432856377200764E-4 0.0026904219507174706
-380.29826073512254 0.0025993147246748255 1.5500836222524619 -7.617964695134581E-4 0.0029695975970846387
-375.7709004882758 0.0032751675476845195 1.6359127225002474 -0.001137720660847162 0.0032478064744499656
-371.2435402414291 0.004090632276972614 1.7109790383134005 -0.001540123715899869 0.003524103757118947
-366.71617999458243 0.005058053743993109 1.7768966103872312 -0.0019669915859192705 0.0037974102886305637
-362.18881974773575 0.006188136814646093 1.8351126422686335 -0.0024163569520374802 0.004066553733948603
-357.66145950088907 0.00748997124466781 1.886882962395159 -0.0028863557016285835 0.004330344659824864
-353.1340992540423 0.008971251334906014 1.9332662535046978 -0.0033752483767115894 0.004587677268313105
-348.60673900719564 0.010638600793156233 1.9751290721880395 -0.003881401462799685 0.004837640347734773
-344.07937876034896 0.012497870973319792 2.0131573683427852 -0.004403226996441842 0.005079621578083237
-339.5520185135023 0.014554256036827355 2.047872410652566 -0.004939082860755832 0.005313388003591056
-335.02465826665554 0.016812067828640954 2.0796501427722625 -0.005487139975949993 0.005539127383776764
-330.49729801980885 0.01927403942940434 2.1087433633410377 -0.006045226048228978 0.005757439103742092
-325.96993777296217 0.02194007861173414 2.1353060086130675 -0.006610658320487091 0.005969268952047636
-321.4425775261155 0.024805466190819567 2.1594184616285705 -0.007180079631700119 0.006175788730086442
-316.91521727926875 0.027858581929635532 2.181112441839545 -0.007749312870590332 0.006378228564465198
-312.38785703242206 0.031078332819387967 2.200393829688899 -0.008313248517206401 0.006577676122591121
-307.8604967855754 0.03443154503274675 2.217261861009119 -0.008865778405113533 0.006774861895773923
-303.3331365387287 0.03787065136669084 2.2317234941235675 -0.009399786194784234 0.00696995267016828
-298.80577629188195 0.04133205039326902 2.2438023215232814 -0.009907201493276278 0.007162375834185623
-294.27841604503527 0.044735521902292144 2.2535420257678354 -0.010379120323007956 0.007350695132026501
-289.7510557981886 0.04798504649307303 2.2610049216691497 -0.010805990023828304 0.007532554030293285
-285.2236955513419 0.05097128875331306 2.2662664819080245 -0.01117785199350572 0.007704696471473884
-280.6963353044952 0.053575861828184204 2.2694068703293038 -0.01148463127255324 0.00786306713825173
-276.1689750576485 0.055677302923319925 2.270500419796969 -0.011716458192040041 0.008002985301197994
-271.6416148108018 0.057158471400912014 2.269603734071625 -0.01186400442803513 0.00811937878551623
-267.1142545639551 0.057914861210139085 2.2667427137297746 -0.011918814089281722 0.0082070584379414
-262.58689431710843 0.05786313272152285 2.2618983332212252 -0.011873610075774846 0.008261009417169458
-258.0595340702617 0.05694905250571881 2.2549904212034146 -0.011722556962678082 0.008276674143896708
-253.532173823415 0.0551540135601117 2.2458579569687664 -0.01146146405987496 0.008250203002936683
-249.00481357656832 0.05249940854533357 2.234233350779734 -0.011087915937326618 0.008178652739498112
-244.4774533297216 0.04904833981859784 2.21970655554731 -0.010601322350868124 0.0080601184762549
-239.95009308287493 0.04490444562721533 2.2016721621118265 -0.010002884821676996 0.007893792684843783
-235.42273283602822 0.040207957009442054 2.179247924936977 -0.009295482716273696 0.007679952393391582
-230.89537258918153 0.035129420656195745 2.1511446648418744 -0.008483487105099842 0.007419883456600862
-226.36801234233482 0.02986177694398389 2.1154517775305717 -0.007572515506781998 0.007115756965131269
-221.84065209548814 0.024611629962143094 2.0692732923427304 -0.006569144449279017 0.006770477096250144
-217.31329184864143 0.019590568536144156 2.008096541988623 -0.005480599270473081 0.006387521428915292
-212.78593160179474 0.015007298375541973 1.9246941351917854 -0.004314441520338304 0.005970793794936183
-208.25857135494806 0.01106115110467021 1.8073236318517143 -0.003078273629283024 0.005524506276485533
-203.73121110810135 0.007937286225250442 1.6375607422990104 -0.0017794782343804755 0.005053101463527767
-199.20385086125467 0.005803642897120661 1.3918766840699561 -4.2500591517063524E-4 0.004561219280277475
-194.67649061440795 0.004809472457554115 1.0620483674152226 9.787795772177004E-4 0.004053705467965496
-190.14913036756127 0.005085122059179142 0.6975569378323758 0.002426194768903488 0.003535652114146905
-185.62177012071456 0.00674266214719084 0.38435038323341253 0.003912270102185711 0.0030124553226045783
-181.09440987386787 0.00987695713166344 0.1579130797470878 0.0054327301907416865 0.0024898719222583763
-176.56704962702116 0.014566856343288106 0.0036412461682129305 0.006983931132422275 0.0019740564527931646
-172.03968938017448 0.020876306853235403 -0.1016362033278213 0.008562768055407175 0.00147156165180934
-167.51232913332777 0.028855330322200286 -0.17482674107959362 0.010166567277089368 9.892900778939184E-4
-162.98496888648108 0.03854093122945346 -0.2265461656797516 0.011792977038360757 5.343907981764255E-4
-158.45760863963437 0.04995808685988775 -0.26333986781720675 0.01343986882250104 1.1410246165971306E-4
-153.9302483927877 0.06312099310609826 -0.2893347656327361 0.015105258028333141 -2.6444836729261145E-4
-149.40288814594098 0.07803470011143325 -0.3072271951996708 0.016787248635377085 -5.944780023244518E-4
-144.8755278990943 0.0946971773690981 -0.3188509201711529 0.01848400197074286 -8.697849086904603E-4
-140.3481676522476 0.11310172014686515 -0.3255061853234551 0.02019372530976166 -0.0010849741763124872
-135.8208074054009 0.13323947617153986 -0.3281542033046989 0.021914672351702292 -0.0012356440868362126
-131.29344715855422 0.15510176234813217 -0.32753442171283 0.02364514507561051 -0.0013185147252064199
-126.7660869117075 0.1786817793235618 -0.3242362271571029 0.025383485443043738 -0.0013314842416493192
-122.2387266648608 0.2039753300522012 -0.3187430111751617 0.02712804605231333 -0.001273606020278911
-117.71136641801411 0.23098020814199305 -0.31145911921139025 0.028877131150279522 -0.0011449887966293948
-113.18400617116741 0.2596940328457409 -0.3027261284550722 0.03062890316472015 -9.466306739076906E-4
-108.65664592432071 0.29011045344170494 -0.2928325888661316 0.03238125474561778 -6.802059659141112E-4
-104.12928567747403 0.322213807769302 -0.28201999103877107 0.03413165166738663 -3.478298800369406E-4
-99.60192543062733 0.3559724812816844 -0.27048685512272286 0.035876957226459866 4.817051555629239E-5
-95.07456518378063 0.39133136157973036 -0.2583922318225671 0.037613253325144376 5.054502904860944E-4
-90.54720493693394 0.4282039098621448 -0.2458594480662999 0.03933567666336809 0.0010217798067595025
-86.01984469008724 0.46646446706222294 -0.23298055958849595 0.041038289877382256 0.0015950971628422277
-81.49248444324054 0.5059414693328484 -0.2198216698540314 0.042714006751901984 0.002223468424472661
-76.96512419639384 0.5464122534369988 -0.2064290365921817 0.04435458768638589 0.002904954067644683
-72.43776394954715 0.5876000753447659 -0.19283571629282292 0.04595071654989722 0.0036373905168580077
-67.91040370270045 0.6291738362703733 -0.1790683938216553 0.0474921632797486 0.004418105550527008
-63.38304345585375 0.6707508096212675 -0.16515400374610856 0.04896802864393223 0.005243594624263374
-58.855683209007054 0.7119024031475849 -0.15112576115512155 0.05036705923491709 0.006109190960437288
-54.32832296216036 0.7521627007934268 -0.13702826807813295 0.051678012826893584 0.007008764959595229
-49.800962715313666 0.791039247860944 -0.12292143169959147 0.05289004756032165 0.007934487819175884
-45.27360246846697 0.8280253152699422 -0.10888300918291982 0.05399310379864543 0.008876690257251189
-40.74624222162027 0.862612743184464 -0.09500967182541586 0.054978245563569506 0.009823840325079576
-36.21888197477357 0.8943044459301978 -0.08141655379069412 0.05583792960628237 0.010762655124577896
-31.691521727926876 0.9226257628266731 -0.06823531702601393 0.05656617454509781 0.011678350699677011
-27.16416148108018 0.9471340447730172 -0.05561082576327081 0.05715860992138178 0.012555023422223092
-22.636801234233484 0.9674261375345232 -0.04369658337998672 0.05761239501271831 0.013376145821370035
-18.109440987386787 0.9831437139975833 -0.03264914245923478 0.057926009030513675 0.014125150888599924
-13.58208074054009 0.9939766755563488 -0.022621754628953994 0.058098926927373985 0.014786072124984614
-9.054720493693393 0.9996650554770907 -0.01375757675382161 0.05813120730934043 0.015344202440165763
-4.527360246846697 1.0 -0.006182788838314579 0.05802302970228857 0.01578673365417137
0.0 0.9948244779412322 0.0 0.05777422653290685 0.016103339721187694
4.527360246846697 0.9840343881302257 0.004717684419359713 0.057383859693844436 0.016286670585786395
9.054720493693393 0.9675807068809015 0.007931594323775215 0.0568498917797065 0.016332729318129506
13.58208074054009 0.9454732448131115 0.009641149690997608 0.0561689976649761 0.016241112269398082
18.109440987386787 0.9177864476784869 0.009886060305483113 0.055336553108806176 0.016015099822085817
22.636801234233484 0.8846674502174162 0.008747015927047741 0.05434682399906985 0.015661593295240018
27.16416148108018 0.8463462449543074 0.006344955078954939 0.05319336357643479 0.01519090120346816
31.691521727926876 0.803147345782983 0.0028391500054461005 0.05186960674233472 0.014616384984581766
36.21888197477357 0.7555017324544759 -0.001575512329537787 0.05036963184078914 0.013953980264165505
40.74624222162027 0.7039572301413569 -0.006671551031047329 0.048689042735379134 0.013221614603905257
45.27360246846697 0.6491849323105933 -0.012191618400771986 0.04682590919635404 0.012438546473770719
49.800962715313666 0.5919789732528768 -0.01785027563448338 0.04478169303440827 0.01162465294980874
54.32832296216036 0.5332470570701205 -0.023334120651748336 0.04256208224133379 0.010799695445313348
58.855683209007054 0.47398976689875333 -0.028299539376170912 0.04017765638620027 0.009982593693339934
63.38304345585375 0.4152678376953313 -0.0323672996127371 0.037644313931694325 0.009190738228894891
67.91040370270045 0.35815818540508626 -0.03511310085917074 0.03498340569495609 0.008439370729407456
72.43776394954715 0.3037013281822353 -0.036052994932811444 0.03222153755143478 0.007741059671451558
76.96512419639384 0.2528445974290531 -0.034622259336993366 0.029390028345333472 0.007105295731571213
81.49248444324054 0.20638686269150225 -0.030145798373649058 0.026524034106210743 0.006538227089784183
86.01984469008724 0.16493106501709365 -0.02179744515273363 0.02366137509990764 0.0060425492292866
90.54720493693394 0.12885046197717911 -0.008544686596987816 0.02084112589231868 0.005617557005852269
95.07456518378063 0.09827310200069218 0.010925420644385397 0.018102048492867145 0.005259358859808455
99.60192543062733 0.07308683293828452 0.03830323993536133 0.015480963050699433 0.0049612443910679455
104.12928567747403 0.05296445604252595 0.07577733584560775 0.01301115820101683 0.004714187596427524
108.65664592432071 0.03740592366566617 0.1261681707264941 0.010720943244697129 0.004507459491226925
113.18400617116741 0.025792230461004793 0.19303119226634813 0.008632436752257602 0.00432931630027877
117.71136641801411 0.017444265972858267 0.280609394990039 0.006760671411919715 0.00416772361761322
122.2387266648608 0.011679615085613394 0.39337238144174336 0.005113074090115781 0.00401107355007163
126.7660869117075 0.007861127505161485 0.5347239269772963 0.0036893547485748164 0.0038488513804221633
131.29344715855422 0.005432825319310716 0.7046434847975114 0.002481810042482767 0.003672210996640647
135.8208074054009 0.003941006279008448 0.8972451323172219 0.0014760192847046133 0.003474424244881629
140.3481676522476 0.003040773811238716 1.1010837410792593 6.518841867314656E-4 0.0032511781785983414
144.8755278990943 0.0024902449273383354 1.303985130202964 -1.5058615653318902E-5 0.003000705296763575
149.40288814594098 0.002136026300879745 1.498970264995629 -5.521401165246168E-4 0.002723744426830667
153.9302483927877 0.0018940506643222975 1.6860855644383612 -9.87974605416351E-4 0.0024233428554945435
158.45760863963437 0.001729563626597175 1.8696255135347144 -0.0013508893342364047 0.0021045224886447763
162.98496888648108 0.001639140793432012 2.053462595740063 -0.001667464628153015 0.0017738430958774358
167.51232913332777 0.0016363927413710487 2.236802598561548 -0.0019612697200500737 0.0014389030676578425
172.03968938017448 0.0017417980738072213 2.41256983570835 -0.0022518628125691876 0.0011078218372858428
176.56704962702116 0.001976155062570068 2.5702380540972776 -0.002554102985203175 7.887477865461659E-4
181.09440987386787 0.0023566145564001264 2.7013036367287917 -0.0028777983204868866 4.894310496036994E-4
185.62177012071456 0.0028941760478799735 2.80266657438486 -0.0032276908690904546 2.168925508978135E-4
190.14913036756127 0.0035918046171276156 2.876087113199981 -0.0036037565871501194 -2.2790362508299753E-5
194.67649061440795 0.0044427937478705975 2.9258229145807473 -0.004001778728477991 -2.2457411743830464E-4
199.20385086125467 0.005429472158992289 2.95663247486722 -0.004414137602585609 -3.8442066483248237E-4
203.73121110810135 0.0065226779609272026 2.9727292963438146 -0.004830748958573956 -4.99168966776774E-4
208.25857135494806 0.007682515009248774 2.9774227957316057 -0.005240077930803523 -5.663347299856022E-4
212.78593160179474 0.008860759972935258 2.9730985268465595 -0.00563015546183593 -5.838740130270255E-4
217.31329184864143 0.010004970461321703 2.961324896226907 -0.005989528993337927 -5.499494949054694E-4
221.84065209548814 0.01106396231071019 2.9429881326524097 -0.006308088265781764 -4.62737060146891E-4
226.36801234233482 0.011993990959307775 2.9184201620933514 -0.006577719350364696 -3.2030504781505156E-4
230.89537258918153 0.012764773782942497 2.887513954897935 -0.006792754484968001 -1.2058959074794139E-4
235.42273283602822 0.01336446638462734 2.849835115148597 -0.006950200803433928 1.3852211440841975E-4
239.95009308287493 0.013802844965096702 2.8047459341341714 -0.007049746588510761 4.5900178008464673E-4
244.4774533297216 0.014112199652071089 2.7515614497691363 -0.0070935583121693605 8.423974687317833E-4
249.00481357656832 0.014345743737319592 2.6897539196767326 -0.007085894676602834 0.0012894844177017484
253.532173823415 0.014573630580549468 2.6192061386213474 -0.007032574534367613 0.0017998842397362585
258.0595340702617 0.01487690502762787 2.5404786671812385 -0.0069403435232255435 0.0023716929751036488
262.58689431710843 0.015339888858498348 2.455005979748435 -0.006816189242639495 0.003001159769199777
267.1142545639551 0.016041621513460287 2.36510289247642 -0.006666656714515673 0.0036824549083576295
271.6416148108018 0.017047068464101776 2.2736973677779595 -0.006497214728762774 0.004407558870313144
276.1689750576485 0.018398883957891875 2.183828723966908 -0.006311719604732391 0.0051662936571579094
280.6963353044952 0.02011056873268719 2.0980897697680927 -0.006112016135125049 0.005946505038202522
285.2236955513419 0.022161872598939113 2.018226785607796 -0.005897706351247494 0.006734390719136114
289.7510557981886 0.024497218943042624 1.9450084774059668 -0.005666105690412489 0.007514956235117433
294.27841604503527 0.027027736287161493 1.878329479325318 -0.005412393694627923 0.008272568838774426
298.80577629188195 0.029637151604146802 1.8174346271458859 -0.005129953164689597 0.008991570921477114
303.3331365387287 0.03219134309429847 1.7611573100708124 -0.004810878469392326 0.00965690936196684
307.8604967855754 0.03455081621513315 1.7081128964254813 -0.004446621271415672 0.010254736053636703
312.38785703242206 0.03658483920068289 1.656832177393893 -0.004028731119128061 0.010772937722581519
316.91521727926875 0.038185555939413564 1.6058442947513143 -0.0035496399880431753 0.011201559619406975
321.4425775261155 0.03928018588588191 1.5537270642487346 -0.003003434674305423 0.011533097016813269
325.96993777296217 0.03983949787912468 1.4991427358439893 -0.002386559527563771 0.011762639693046674
330.49729801980885 0.03988113582569266 1.4408744249841714 -0.0016983947184266092 0.011887866615347714
335.02465826665554 0.03946704810035929 1.3778747679196215 -9.416621367773582E-4 0.011908899731856444
339.5520185135023 0.03869513752148307 1.3093334932860952 -1.2262185449447922E-4 0.01182803611235647
344.07937876034896 0.03768616472210021 1.2347630554699247 7.489637394250206E-4 0.011649385824765018
348.60673900719564 0.03656774017746112 1.1540899995241851 0.0016601044347062369 0.011378448340325286
353.1340992540423 0.035457772230105086 1.0677255800569672 0.002595083821907337 0.01102166267246475
357.66145950088907 0.03444988453540675 0.9765784535061162 0.003536158890339725 0.010585965917938873
362.18881974773575 0.033603029629128985 0.8819754516482057 0.004464412425209469 0.010078391694030011
366.71617999458243 0.032936842551049055 0.7854812643062843 0.0053607000255362315 0.009505734665329977
371.2435402414291 0.03243331706342569 0.6886482640221132 0.006206624805623674 0.008874300567380849
375.7709004882758 0.03204432367381933 0.592761274178697 0.0069854692359788894 0.008189753545854448
380.29826073512254 0.03170352327435635 0.49864574684247565 0.0076830156218447195 0.007457064890851307
384.8256209819692 0.031340542896677044 0.4065794009174759 0.008288194427427177 0.006680559915286969
389.3529812288159 0.03089499197369059 0.3163078261141088 0.00879351254735329 0.005864053230775698
393.8803414756626 0.03032804497686051 0.22713802433020014 0.009195230741083877 0.0050110572927805404
398.40770172250933 0.029629845738338368 0.1380791795301768 0.009493279410829569 0.004125044958205672
402.935061969356 0.028821773139654235 0.048010064443154477 0.00969092305501562 0.0032097439493320294
407.4624222162027 0.02795348049452273 -0.04413527976821641 0.009794204255190357 0.002269439500143951
411.9897824630494 0.02709541698257364 -0.13916794044439307 0.009811216157746706 0.0013092609947129394
416.5171427098961 0.026328133122652617 -0.23744456306905803 0.009751266478367663 3.3542901739623944E-4
421.0445029567428 0.025729999935391146 -0.33870375033111877 0.009624004807105197 -6.445591241126575E-4
425.5718632035895 0.02536503510827456 -0.44199692349112496 0.00943858760451505 -0.0016218246771928506
430.09922345043617 0.025272381119166017 -0.5457722971547696 0.009202951474170861 -0.002586099091502143
434.62658369728285 0.025458694339725915 -0.6481283420395911 0.008923255366985013 -0.0035258228345395643
439.1539439441296 0.025894348503735985 -0.7471784846656888 0.008603537162424908 -0.004428356367055301
443.6813041909763 0.026513971808932533 -0.8414102779641706 0.00824561090365654 -0.005280301523225138
448.20866443782296 0.02722143449799771 -0.9299275454773426 0.007849209520897469 -0.006067924075588396
452.73602468466964 0.027898974090765957 -1.012529148347129 0.007412356051350997 -0.006777660443318921
457.2633849315164 0.028419682982143223 -1.089651956824948 0.006931926083954074 -0.007396683830285439
461.79074517836307 0.028662108807621784 -1.162243414048481 0.006404347214800055 -0.00791349818351998
466.31810542520975 0.02852529201216913 -1.231625362948403 0.005826369188261739 -0.008318522942581681
470.84546567205643 0.02794228207727199 -1.2993864497792451 0.005195832181618304 -0.008604628306896156
475.3728259189032 0.026890139436120446 -1.3673157023330056 0.004512360904134736 -0.008767580298300506
479.90018616574986 0.02539472480500061 -1.4373728709779172 0.0037779187907823375 -0.008806357682183564
484.42754641259654 0.023529220479607454 -1.51168032314928 0.002997168976620834 -0.00872330901842414
488.9549066594432 0.021406252907293255 -1.5925114465351786 0.002177605831670024 -0.008524127609357583
493.48226690628996 0.019164541156706363 -1.6822364162481627 0.0013294411009077665 -0.008217634412410035
498.00962715313665 0.016951972366115495 -1.783165862894644 4.6525034036500984E-4 -0.007815373262924492
502.53698739998333 0.014907684671384142 -1.8972150457792143 -4.0059353530081613E-4 -0.007331037887258482
507.06434764683 0.013145951610488718 -2.0253290574271734 -0.0012526540262631134 -0.006779764851870159
511.5917078936767 0.011744339718283557 -2.1667287668557824 -0.0020752718310433045 -0.006177339382322108
516.1190681405234 0.010737807509649502 -2.3182964836654607 -0.002853442875427239 -0.005539370548305181
520.6464283873701 0.010119299922931134 -2.474658650607023 -0.003573660474767716 -0.004880497506668316
525.1737886342169 0.009846212944084352 -2.629323195437906 -0.004224651559789128 -0.004213688529346864
529.7011488810635 0.009851115485076436 -2.776458374026449 -0.004797946054626641 -0.0035496890771177405
534.2285091279102 0.010054521297734917 -2.912302984051311 -0.005288232966696406 -0.0028966643951711967
538.7558693747569 0.010377398572223386 -3.0355415328372697 -0.0056934752657110494 -0.002260066720881397
543.2832296216036 0.010751459591771128 -3.146807301234343 -0.006014776576428161 -0.001642738420353094
547.8105898684503 0.011125950229930098 -3.2478733826556168 -0.006256014256501928 -0.0010452418176445267
552.337950115297 0.01147046153539416 -3.34094059193417 -0.006423273691755872 -4.6638601100774675E-4
556.8653103621436 0.011774016521875163 -3.428150635383501 -0.006524135838267477 9.609747859660375E-5
561.3926706089904 0.01204120437565101 -3.5112970304301303 -0.006566882657299492 6.447929897913146E-4
565.9200308558371 0.01228638960798751 -3.591674632666005 -0.006559692003002497 0.0011818249488039594
570.4473911026838 0.012527050513233698 -3.6700292799569905 -0.006509894105805038 0.001708142904489529
574.9747513495305 0.012777191426291183 -3.7465926214859575 -0.006423355970856845 0.00222293820943475
579.5021115963772 0.01304162747479315 -3.821194022471034 -0.006304048268851277 0.0027232524809347883
584.0294718432239 0.013311823340773256 -3.893431040537223 -0.00615383265016219 0.0032038214194406796
588.5568320900705 0.013563882031838774 -3.9628638345267664 -0.0059724873187335424 0.0036571765669353453
593.0841923369172 0.013759171759446236 -4.029192028797941 -0.0057579669339669045 0.0040740040191328125
597.6115525837639 0.01384786975076295 -4.092382746036846 -0.005506871405723348 0.004443735109293819
602.1389128306107 0.01377533417348279 -4.15274078705958 -0.005215078841771517 0.004755321881156498
606.6662730774574 0.013490696458841697 -4.21093414201298 -0.004878482551382067 0.004998131852369309
611.1936333243041 0.012956486259653677 -4.268001086350676 -0.004493762016815834 0.005162883890697314
615.7209935711508 0.01215761812918744 -4.325368038103947 -0.0040591140585362956 0.005242541231426039
620.2483538179974 0.011107862005768956 -4.3849046445186195 -0.003574873419875318 0.0052330793787999
624.7757140648441 0.009852125294812839 -4.449038852100649 -0.003043961458164762 0.00513405579366018
629.3030743116908 0.008463528022523472 -4.520950081701112 -0.0024721167364430523 0.004948924128106816
633.8304345585375 0.007035257301932495 -4.604842790903923 -0.0018678807238271724 0.00468505696631676
638.3577948053843 0.005668325191609373 -4.706240292838604 -0.0012423337885507882 0.004353465719762901
642.885155052231 0.004457339075484256 -4.8320364559157 -6.085992114544692E-4 0.0039682323360784935
647.4125152990777 0.0034769532323475076 -4.989533625603118 1.8846001299710504E-5 0.003545692521560532
651.9398755459243 0.0027716284684016212 -5.182949282393624 6.249971053832941E-4 0.0031034320383139403
656.467235792771 0.0023506637295470233 -5.406630435299939 0.001195215440667605 0.0026591743875356757
660.9945960396177 0.0021893296772931593 -5.640196020617331 0.0017161147867518246 0.002229648347130013
665.5219562864644 0.0022356120057269993 -5.855983473812964 0.0021763654321976696 0.0018295264860384189
670.0493165333111 0.002420898242764469 -6.034852039378087 0.0025673484007172087 0.0014705206705204821
674.5766767801578 0.0026722098916042397 -6.172338165834262 0.0028836056479290147 0.001160708118315509
679.1040370270046 0.002923459680209626 -6.273212843714062 0.003123050276880033 9.041427831847846E-4
683.6313972738512 0.0031236972948259847 -6.34495641345058 0.00328692222160538 7.007833399097248E-4
688.1587575206979 0.0032412271887159003 -6.394622260158354 0.003379497424505743 5.4674276505545E-4
692.6861177675446 0.003263560834334833 -6.428091857480805 0.003407580190480679 4.348376826335227E-4
697.2134780143913 0.003194102847735089 -6.450249302453216 0.003379827139858221 3.5539052664079756E-4
701.740838261238 0.003047032703465964 -6.465352840792832 0.003305965290927507 2.972162870276271E-4
706.2681985080847 0.0028419295433348146 -6.477351596536355 0.003195975017599341 2.4870996209795643E-4
710.7955587549313 0.0025993461021076385 -6.490077805800823 0.0030593102512086402 1.9894218723385978E-4
715.3229190017781 0.002337940352644252 -6.507303479789441 0.0029042232593477794 1.3866962228065464E-4
719.8502792486248 0.002073147908989258 -6.532669946068745 0.002737250199963973 6.117369323707992E-5
724.3776394954715 0.0018169297731479158 -6.569506902561752 0.0025628975457454824 -3.7144322235119923E-5
728.9049997423182 0.0015779757260375481 -6.620563723627405 0.0023835499856249415 -1.5646324131260195E-4
733.4323599891649 0.0013618812807639376 -6.687692855131264 0.0021995994161390915 -2.9356312839449577E-4
737.9597202360115 0.001171136148762578 -6.771572637299987 0.0020097741253919297 -4.421661356217123E-4
742.4870804828582 0.0010050968916546987 -6.871635381701068 0.0018116291547971284 -5.935676501593291E-4
747.0144407297049 8.60307003491255E-4 -6.986419410916164 0.0016021447439777705 -7.375027020004044E-4
751.5418009765516 7.314849486925363E-4 -7.114495070053351 0.0013783709522363786 -8.63171348161478E-4
756.0691612233984 6.13238147055929E-4 -7.255920048803344 0.0011380537117836116 -9.603318346758018E-4
760.5965214702451 5.021883310307724E-4 -7.414038707319401 8.801808295938379E-4 -0.0010203631439737405
765.1238817170918 3.988743744168271E-4 -7.597476237776892 6.053953646723541E-4 -0.0010371998288465935
769.6512419639384 3.08685760234573E-4 -7.821823007661352 3.1623739392932197E-4 -0.0010080518688742259
774.1786022107851 2.412551156578854E-4 -8.10740315877608 1.7192057366208555E-5 -9.338399763749397E-4
778.7059624576318 2.0817576563027067E-4 -8.461076482358227 -2.8545971392736504E-4 -8.193009410270174E-4
783.2333227044785 2.1947883672638214E-4 -8.840687563582557 -5.83972996751085E-4 -6.727462480255349E-4
787.7606829513252 2.798092184757667E-4 -9.170071475505976 -8.696218480403246E-4 -5.054879006755595E-4
792.288043198172 3.854893788544912E-4 -9.412461386924091 -0.001133288831453895 -3.3097544642339105E-4
796.8154034450187 5.235366997340238E-4 -9.577335836515914 -0.0013661076341647993 -1.6371495293772962E-4
801.3427636918653 6.732066309811675E-4 -9.685030769267378 -0.0015601015601722828 -1.806164195753248E-5
805.870123938712 8.099020143847045E-4 -9.75098441222535 -0.0017087622151500661 9.300894674526037E-5
810.3974841855587 9.105413738026202E-4 -9.784370764692515 -0.0018075191956819338 1.5904237822969772E-4
814.9248444324054 9.58959665519983E-4 -9.789676730364215 -0.0018540623095078142 1.7305615347135159E-4
819.4522046792521 9.49807283420906E-4 -9.768010076706824 -0.0018484916729315602 1.3221187965235543E-4
823.9795649260988 8.897751891768477E-4 -9.717874736259038 -0.0017932866062579046 3.814404758485706E-5
828.5069251729454 7.957136892472432E-4 -9.635794414954447 -0.0016931001207105344 -1.0308971200321594E-4
833.0342854197922 6.901113569907305E-4 -9.517488632379502 -0.001554400533994157 -2.8143873264360796E-4
837.5616456666389 5.95181892296612E-4 -9.360647019943201 -0.001384994098372059 -4.836376195547812E-4
842.0890059134856 5.272234655687825E-4 -9.169735862405144 -0.0011934714727218302 -6.942690028180322E-4
846.6163661603323 4.928318095785455E-4 -8.959751327358351 -9.886257603987014E-4 -8.970207157153444E-4
851.143726407179 4.879869455977511E-4 -8.752369310549144 -7.788903968861831E-4 -0.0010760289488411627
855.6710866540257 5.001681774796116E-4 -8.56501197573962 -5.718415275369972E-4 -0.0012171901440591615
860.1984469008723 5.127538716711938E-4 -8.403905286380715 -3.7380215293727017E-4 -0.0013093261826539878
864.725807147719 5.103115752201123E-4 -8.26582647263885 -1.895750289339903E-4 -0.001345099746503992
869.2531673945657 4.8317827002056896E-4 -8.142697501368549 -2.2319102822676603E-5 -0.001321598558832159
873.7805276414125 4.300224930832251E-4 -8.0242472720504 1.2642871769459873E-4 -0.0012405366073203975
878.3078878882592 3.5776155945869634E-4 -7.898247837686935 2.565972754869298E-4 -0.0011080547520684355
882.8352481351059 2.790479730826617E-4 -7.749319432812989 3.693123273690847E-4 -9.341391755689969E-4
887.3626083819526 2.0826543727113376E-4 -7.558195373080137 4.6654593761431124E-4 -7.317106063134019E-4
891.8899686287992 1.5736069161069956E-4 -7.307359807260426 5.507206637528376E-4 -5.154669374506466E-4
896.4173288756459 1.3277787197012823E-4 -7.003727126178733 6.243074784458658E-4 -3.005840008676006E-4
900.9446891224926 1.343039950540197E-4 -6.701028926687496 6.894552727787498E-4 -1.01391783375334E-4
905.4720493693393 1.5595406555624409E-4 -6.461857085629007 7.47685428884422E-4 6.985487320235965E-5
909.9994096161861 1.8836318557742917E-4 -6.305237962102309 7.996778224447518E-4 2.0400120658987803E-4
914.5267698630328 2.2173121697732003E-4 -6.218430109826864 8.451654241778E-4 2.957224150757141E-4
919.0541301098795 2.483078201786484E-4 -6.18360420968491 8.829442697849468E-4 3.4389520092281917E-4
923.5814903567261 2.6370269007563573E-4 -6.186695839793818 9.109948895174369E-4 3.515807237851892E-4
928.1088506035728 2.668238256375418E-4 -6.217111141163303 9.267012550971104E-4 3.256242771877673E-4
932.6362108504195 2.587810897030047E-4 -6.265767737583326 9.271447544601426E-4 2.759117944624298E-4
937.1635710972662 2.4144428476243954E-4 -6.323541598142953 9.094443354178614E-4 2.1435410963527106E-4
941.6909313441129 2.1639327359150568E-4 -6.380377570032055 8.711102569410982E-4 1.5369394743472447E-4
946.2182915909596 1.847402131400759E-4 -6.424651948453116 8.10378102664871E-4 1.0624576358790034E-4
950.7456518378063 1.4785475524901247E-4 -6.441690394645712 7.264918439701465E-4 8.26835267772949E-5
955.273012084653 1.085669021716925E-4 -6.409282298555649 6.199095416490989E-4 9.098601399378692E-5
959.8003723314997 7.214439002493313E-5 -6.2862324087755335 4.924122774107411E-4 1.3563384263479516E-4
964.3277325783464 4.635843476278645E-5 -5.9960262751209505 3.471054646961743E-4 2.1712883992781182E-4
968.8550928251931 4.026756839651519E-5 -5.500331939421596 1.8831103928524428E-4 3.3187673701239815E-4
973.3824530720398 6.185388185808622E-5 -5.02939621957614 2.135835910196602E-5 4.724413560729327E-4
977.9098133188864 1.1515410242828477E-4 -4.753262209144657 -1.4770984702419258E-4 6.281454501414336E-4
982.4371735657331 1.97846013040727E-4 -4.605789138189597 -3.124931606285929E-4 7.859631196129179E-4
986.9645338125799 3.002466479067811E-4 -4.519875031742556 -4.6662257698656885E-4 9.316239067671959E-4
991.4918940594266 4.0633023898686805E-4 -4.462438295939043 -6.041524040205991E-4 0.0010508313438738273
996.0192543062733 4.967789667477445E-4 -4.417160914961636 -7.199245335094049E-4 0.0011304902575078972
1000.54661455312 5.53425041234808E-4 -4.374656109783345 -8.098774108716505E-4 0.0011598380387705482
1005.0739747999667 5.639425288406198E-4 -4.327978442259539 -8.712770309909538E-4 0.0011313850543549853
1009.6013350468133 5.254717304646995E-4 -4.270048259042091 -9.028540573560936E-4 0.0010415872834299712
1014.12869529366 4.4607743239889606E-4 -4.19122557168983 -9.048390748513341E-4 8.911983421384355E-4
1018.6560555405067 3.4350077247727437E-4 -4.075662315416692 -8.788963334995495E-4 6.852760403164978E-4
1023.1834157873534 2.4140161870777368E-4 -3.895131763098208 -8.279643928554858E-4 4.3284797772309003E-4
1027.7107760342 1.6398702941402638E-4 -3.6045334207876296 -7.560191523587343E-4 1.462688702556333E-4
1032.2381362810468 1.3037609065936904E-4 -3.178718705954571 -6.677802757760044E-4 -1.59673067333917E-4
1036.7654965278934 1.5013119433276363E-4 -2.7237203756631594 -5.683855670639104E-4 -4.6882424437041416E-4
1041.2928567747401 2.2107209907812347E-4 -2.387042191767754 -4.6305919856999783E-4 -7.64819730307953E-4
1045.820217021587 3.298782872432359E-4 -2.1754274362784747 -3.5679880273063215E-4 -0.001032230198512814
1050.3475772684337 4.552560196451194E-4 -2.0419940228866222 -2.541034879816376E-4 -0.0012576121988050757
1054.8749375152804 5.728045606601405E-4 -1.9531647954627278 -1.5876017912103734E-4 -0.0014303828752205868
1059.402297762127 6.603324164261176E-4 -1.8903394227988644 -7.369980211904969E-5 -0.0015434570478871964
1063.9296580089738 7.023384078399109E-4 -1.843208363496065 -9.283129589566306E-7 -0.0015936058563313332
1068.4570182558205 6.926709642279165E-4 -1.8056725525482875 5.846897860795912E-5 -0.0015815199728678698
1072.9843785026671 6.349075641124074E-4 -1.7737626923398997 1.0425733048754887E-4 -0.001511584660110857
1077.5117387495138 5.405951524248781E-4 -1.744530368141712 1.369292016603589E-4 -0.001391396631533734
1082.0390989963605 4.259966097457685E-4 -1.7153450048395715 1.5754354381755198E-4 -0.001231071957053306
1086.5664592432072 3.0827443069657545E-4 -1.6832596711869332 1.6754550050003674E-4 -0.0010424086729069817
1091.0938194900539 2.0205934842591652E-4 -1.6440956298358476 1.6858432915981306E-4 -8.379763090006848E-4
1095.6211797369006 1.1712645828334106E-4 -1.5905003817157244 1.6234579636144466E-4 -6.302067719782606E-4
1100.1485399837472 5.752471486631391E-5 -1.506535866340574 1.5041235328832613E-4 -4.30557004435583E-4
1104.675900230594 2.209759856176806E-5 -1.3480958902702351 1.3416044743719903E-4 -2.488041898161126E-4
1109.2032604774406 6.005710636005458E-6 -0.950598728283115 1.1469981105550893E-4 -9.252005190239148E-5
1113.7306207242873 2.690173318880243E-6 0.07199742120262442 9.28549593725734E-5 3.3246582055761296E-5
1118.257980971134 5.719158606635341E-6 0.7970552385692695 6.91848842381368E-5 1.2606869950368676E-4
1122.7853412179809 1.0107076012710891E-5 1.066543774529375 4.403343096102468E-5 1.8603000217359082E-4
1127.3127014648276 1.292061070129616E-5 1.2174487052946983 1.7600390054068198E-5 2.154292719769723E-4
1131.8400617116743 1.3211591436412233E-5 1.3446340873624614 -9.977907438483313E-6 2.1833950971399436E-4
1136.367421958521 1.1481088067107676E-5 1.489314391904772 -3.85496920061891E-5 2.0007075367890339E-4
1140.8947822053676 8.949401055031253E-6 1.6858965259315042 -6.788057971980347E-5 1.665902246440677E-4
1145.4221424522143 6.883863405744587E-6 1.9660038322246507 -9.760599953730949E-5 1.2395314401308103E-4
1149.949502699061 6.148860818352587E-6 2.320904001146653 -1.2720827953897768E-4 7.779251898453942E-5
1154.4768629459077 7.028668735065749E-6 2.6618434390606325 -1.5598702875862844E-4 3.290836493577173E-5
