-1159.0042231927544 8.19934607809998E-4 0.07176926053744635 0.0016097379863904981 6.244373453444645E-4
-1154.4768629459077 9.978035949329337E-4 0.046748471113184316 0.0017924535640341287 6.442031609669166E-4
-1149.949502699061 0.0010885765481547884 0.031076012260236804 0.0018825264617760502 6.434443047896648E-4
-1145.4221424522143 0.001054285638025927 0.026278488934683958 0.0018556553660595354 6.243334117615772E-4
-1140.8947822053676 8.86038354130643E-4 0.03687857132940728 0.0016949947170930835 5.903525566975135E-4
-1136.367421958521 6.161292013022554E-4 0.0750127766639993 0.0013936458320491217 5.458195977908825E-4
-1131.8400617116743 3.1901891445588646E-4 0.1796188814728688 9.563327230674942E-4 4.953181700665959E-4
-1127.3127014648276 9.801208411441615E-5 0.5381605948363654 4.00030209899054E-4 4.430974554630036E-4
-1122.7853412179809 5.90975523484335E-5 1.8334351506216766 -2.465853506988876E-4 3.925135411784895E-4
-1118.257980971134 2.7839504866830985E-4 2.4926874576368196 -9.448716832902486E-4 3.455815941853754E-4
-1113.7306207242873 7.731051747301637E-4 2.661778892064924 -0.001649026049142633 3.026971836032741E-4
-1109.2032604774406 0.001486240828298056 2.730126339455148 -0.0023097277062256215 2.6256681276373554E-4
-1104.675900230594 0.002292159345105522 2.7662166922604285 -0.002878290349865857 2.2236393904624793E-4
-1100.1485399837472 0.0030237623071198215 2.789579441249802 -0.003310935990423275 1.781000664932554E-4
-1095.6211797369006 0.003515090532614937 2.8082979738079747 -0.003572779791962655 1.2517396686125449E-4
-1091.0938194900539 0.0036473641258341384 2.8271061025421216 -0.0036411355923976056 5.903891181021038E-5
-1086.5664592432072 0.0033844209636824225 2.8501862652260836 -0.0035078120926482835 -2.4089087896254368E-5
-1082.0390989963605 0.0027859772408911953 2.88309711435209 -0.003180163689191675 -1.265673448336874E-4
-1077.5117387495138 0.001993597006756661 2.9358593910523076 -0.002680777775256806 -2.487905386983113E-4
-1072.9843785026671 0.0011927109319409101 3.0311521892116486 -0.002045809848070099 -3.888546620952728E-4
-1068.4570182558205 5.616915806725661E-4 3.2326808651743657 -0.0013221057621212603 -5.424719334788698E-4
-1063.9296580089738 2.2327874532889787E-4 3.738649724653303 -5.633642536680286E-4 -7.031599787859857E-4
-1059.402297762127 2.1305282995880728E-4 4.613493128729973 1.7431849724292936E-4 -8.626970305384953E-4
-1054.8749375152804 4.743081140308696E-4 5.10531782732306 8.371250885600501E-4 -0.0010118032486686186
-1050.3475772684337 8.803160501976195E-4 5.293330526183519 0.001377999079480714 -0.0011409803665250228
-1045.820217021587 0.0012763438810686418 5.370746489015247 0.0017605391452819082 -0.0012414212060811419
-1041.2928567747401 0.0015277388582249926 5.397646456418168 0.0019619675242144104 -0.0013058898968805667
-1036.7654965278934 0.0015588589929751838 5.392414396541146 0.0019749206582288245 -0.0013294744265684429
-1032.2381362810468 0.001371057088371239 5.357826063233337 0.001807916147457866 -0.0013101256131946148
-1027.7107760342 0.0010350860347061602 5.285475455946798 0.0014844668912681477 -0.001248919440740718
-1023.1834157873534 6.617554767040331E-4 5.149767685948465 0.0010409300255088186 -0.0011500103386332446
-1018.6560555405067 3.616170850517202E-4 4.888017656648209 5.232849573647067E-4 -0.0010202777921282998
-1014.12869529366 2.0763388647113476E-4 4.394689807169557 -1.6877229566633804E-5 -8.687034430299266E-4
-1009.6013350468133 2.1324242991160863E-4 3.772750849387416 -5.268081684475811E-4 -7.055463273605753E-4
-1005.0739747999667 3.3257614806716786E-4 3.3581060326998324 -9.571227323947654E-4 -5.414063411390993E-4
-1000.54661455312 4.8186038096424076E-4 3.1394619515795115 -0.00126600666885976 -3.862776570470708E-4
-996.0192543062733 5.737546534276524E-4 3.0163669366758263 -0.0014227617268200527 -2.4869322105925675E-4
-991.4918940594266 5.521244237949073E-4 2.938780467323806 -0.0014103957957937183 -1.3504878155473973E-4
-986.9645338125799 4.1477202186747744E-4 2.883371032678332 -0.0012270455037283227 -4.917183424041141E-5
-982.4371735657331 2.1597591703606823E-4 2.8344834927049587 -8.861149909392433E-4 7.829571865142303E-6
-977.9098133188864 4.778106798488792E-5 2.7533786236062245 -4.1511971444781545E-4 3.743706768506976E-5
-973.3824530720398 6.433300674119365E-6 -0.010937300416302378 1.4666986506330128E-4 4.334301682296195E-5
-968.8550928251931 1.5562774957612129E-4 -0.25720796890544795 7.515910425821199E-4 3.0881883682500104E-5
-964.3277325783464 4.995450803660805E-4 -0.29356140893572635 0.0013476803449387743 6.3505055920736906E-6
-959.8003723314997 9.755092306256569E-4 -0.31085599432507227 0.0018831533421664565 -2.3695924417589598E-5
-955.273012084653 0.0014695398290635524 -0.3212427399161419 0.002310896422165342 -5.308875761941348E-5
-950.7456518378063 0.0018502778210305658 -0.32779623962728444 0.0025925882820916 -7.656242665081234E-5
-946.2182915909596 0.0020103647592610327 -0.33160421352028796 0.002702094438235652 -9.009596914426011E-5
-941.6909313441129 0.0019015522881520325 -0.33291197791207494 0.0026278339495116525 -9.1060461028078E-5
-937.1635710972662 0.001551625746344007 -0.3311955311290404 0.0023739002301565813 -7.818174886330152E-5
-932.6362108504195 0.0010571151658314319 -0.32447050668904215 0.001959821346440255 -5.135310491357461E-5
-928.1088506035728 5.53809340321527E-4 -0.30627279497999127 0.0014189615129228809 -1.1350864240929211E-5
-923.5814903567261 1.7458079887164865E-4 -0.24743701235027682 7.956850240713392E-4 4.048475255966396E-5
-919.0541301098795 8.400130244513512E-6 0.3287725755615932 1.415161410085414E-4 1.025426324179051E-4
-914.5267698630328 7.411514598144563E-5 2.5032338198413466 -4.893768754406434E-4 1.7315760835075831E-4
-909.9994096161861 3.176235083576027E-4 2.607841663449395 -0.0010449776691368801 2.507199991592605E-4
-905.4720493693393 6.331182505780611E-4 2.62158363550897 -0.0014800682502022352 3.3367011349425815E-4
-900.9446891224926 9.008547642854602E-4 2.6088908208384285 -0.0017603018666416245 4.203940546481193E-4
-896.4173288756459 0.0010282453327334854 2.5769006849884066 -0.0018653229920558502 5.090578848158E-4
-891.8899686287992 9.80040660716117E-4 2.5212910408118265 -0.0017906367057485217 5.974310845962616E-4
-887.3626083819526 7.873173820053809E-4 2.4279376353019555 -0.0015480413731802324 6.827548522009395E-4
-882.8352481351059 5.325869675801363E-4 2.264091247503216 -0.001164570303552052 7.617051700271619E-4
-878.3078878882592 3.1688221870445986E-4 1.9586413540355956 -6.800276451511406E-4 8.304854083693849E-4
-873.7805276414125 2.2109633782399553E-4 1.4330810385076382 -1.4333764125075145E-4 8.850607896684128E-4
-869.2531673945657 2.758160835784849E-4 0.8703649146118313 3.919588628470785E-4 9.215208058084593E-4
-864.725807147719 4.5067407597099157E-4 0.522422783053843 8.726428815840223E-4 9.365299035147749E-4
-860.1984469008723 6.670051090297593E-4 0.3399666689176389 0.0012507288167488138 9.278057566937321E-4
-855.6710866540257 8.289708985575002E-4 0.24304454976532214 0.0014878877519655172 8.94551971259276E-4
-851.143726407179 8.614815088753117E-4 0.19483547418182934 0.0015589669535744342 8.37770667185864E-4
-846.6163661603323 7.407064657944552E-4 0.18349863234351677 0.001454276612757308 7.60390969929467E-4
-842.0890059134856 5.05666980730994E-4 0.21615812603462997 0.0011804337446191526 6.671710949688271E-4
-837.5616456666389 2.4633328274581987E-4 0.34065642273601626 7.596923417353981E-4 5.643617297465834E-4
-833.0342854197922 7.226038996223396E-5 0.8119151027931056 2.278342406796723E-4 4.591526808728406E-4
-828.5069251729454 7.292225377216413E-5 2.0719419804618733 -3.6916803147793437E-4 3.589582748682142E-4
-823.9795649260988 2.839603164716948E-4 2.573726656888367 -9.793906485231184E-4 2.706246525334436E-4
-819.4522046792521 6.714792267441608E-4 2.715186965031045 -0.0015496933731539862 1.996593842806213E-4
-814.9248444324054 0.0011401168455725647 2.7697817479343505 -0.0020305033854296113 1.4958759258536561E-4
-810.3974841855587 0.0015622517328419726 2.792305763913026 -0.0023802059677258537 1.215276957743484E-4
-805.870123938712 0.0018183995700033497 2.798947297778745 -0.0025687471696473362 1.1405481545431563E-4
-801.3427636918653 0.0018351391049906236 2.795534898694647 -0.002580137554957355 1.233837469987652E-4
-796.8154034450187 0.0016079871045616278 2.7837866816990022 -0.0024136572875277556 1.438608593215309E-4
-792.288043198172 0.0012019735741198075 2.762527804715548 -0.0020836890875302505 1.6871118214302648E-4
-787.7606829513252 7.302626597089661E-4 2.7258635896850554 -0.0016182338717450804 1.9094940104675382E-4
-783.2333227044785 3.18351088877394E-4 2.652229981493001 -0.0010562814893503468 2.043371058945868E-4
-778.7059624576318 6.57690885261346E-5 2.4124082124779287 -4.443049555032807E-4 2.0425763693115545E-4
-774.1786022107851 1.7503896843063737E-5 0.5448953196071648 1.6778709863858276E-4 1.8838641525108425E-4
-769.6512419639384 1.5370243765034072E-4 -0.08660096928456297 7.308729236681352E-4 1.570584769167237E-4
-765.1238817170918 4.000122513987735E-4 -0.20420871465588725 0.0012006510875320919 1.1327333102989665E-4
-760.5965214702451 6.543257662365511E-4 -0.25785491821153295 0.0015411557875414704 6.232535010509647E-5
-756.0691612233984 8.208019773635647E-4 -0.2918485422517074 0.0017274862764349494 1.109926376645809E-5
-751.5418009765516 8.402536416526144E-4 -0.3170873163658149 0.0017475624690406711 -3.288211341412345E-5
-747.0144407297049 7.07644301472935E-4 -0.33726890983836283 0.0016028083406289494 -6.253378985051857E-5
-742.4870804828582 4.718111869462892E-4 -0.35347472700114496 0.0013077552407715156 -7.226304396306288E-5
-737.9597202360115 2.181447772329739E-4 -0.36440816141455173 8.886409736121289E-4 -5.8855758885318665E-5
-733.4323599891649 4.009031190657539E-5 -0.3561035984335751 3.8115136260310573E-4 -2.2066606840625264E-5
-728.9049997423182 8.523957006898717E-6 2.642140292826533 -1.724949898897848E-4 3.51782108201141E-5
-724.3776394954715 1.4846750996542522E-4 2.6971558057678315 -7.268828160961254E-4 1.0700669776949608E-4
-719.8502792486248 4.302259293872689E-4 2.6946636864258022 -0.001236904790010383 1.8523911125823932E-4
-715.3229190017781 7.776177625379321E-4 2.687848831913424 -0.0016611831236717145 2.6036574862361506E-4
-710.7955587549313 0.0010908153864600872 2.6805403253888507 -0.0019651724847476737 3.227440012707563E-4
-706.2681985080847 0.0012769016208022048 2.673635785595532 -0.0021237366436710338 3.638615565515107E-4
-701.740838261238 0.0012788559046168987 2.667346330634017 -0.0021230289371098176 3.7749996639335466E-4
-697.2134780143913 0.0010940281092180753 2.661494119705274 -0.0019615516412373754 3.606422007433641E-4
-692.6861177675446 7.761960550096011E-4 2.655301265025118 -0.0016503198435682922 3.139983421130709E-4
-688.1587575206979 4.202040996288778E-4 2.646201639224819 -0.0012121098582875435 2.420714267967354E-4
-683.6313972738512 1.3353009967264685E-4 2.6223087816787274 -6.798291624853549E-4 1.5274436044928485E-4
-679.1040370270046 3.3113732506079544E-6 2.3031376380039563 -9.410246420767282E-5 5.643101947364049E-5
-674.5766767801578 6.903655220602363E-5 -0.36840632514640037 4.997755219779108E-4 -3.510822485279035E-5
-670.0493165333111 3.0964476659463454E-4 -0.4022654529117 0.0010553188642859845 -1.1014194102624884E-4
-665.5219562864644 6.494841448634814E-4 -0.40151138596228436 0.0015285166033735338 -1.583637643690725E-4
-660.9945960396177 9.817022388796913E-4 -0.3895122082883048 0.001881412865470616 -1.721354995599887E-4
-656.467235792771 0.0012019876638501342 -0.36885174546446564 0.002085315673187454 -1.4742268518242862E-4
-651.9398755459243 0.0012420016179654435 -0.3379574161457528 0.0021233588591034794 -8.430735144886918E-5
-647.4125152990777 0.001091602831272774 -0.29175647824304907 0.0019921749591679167 1.2983329041982886E-5
-642.885155052231 8.023187239135136E-4 -0.21824932646873113 0.0017024946897294957 1.3653238395818857E-4
-638.3577948053843 4.705056694212681E-4 -0.08595963709226824 0.0012785684374338872 2.7561163204537273E-4
-633.8304345585375 2.0538679022165003E-4 0.20644526053135875 7.564021525123675E-4 4.1787095990643774E-4
-629.3030743116908 9.240861826843595E-5 0.955120296971211 1.8090649697619692E-4 5.506894507131373E-4
-624.7757140648441 1.642550059233319E-4 1.8132992635984453 -3.978357131554835E-4 6.625233148643446E-4
-620.2483538179974 3.895891256564616E-4 2.167932522924686 -9.288838143609062E-4 7.440911072586815E-4
-615.7209935711508 6.837583955351654E-4 2.319060633789951 -0.0013649627593732253 7.892626866434251E-4
-611.1936333243041 9.381736658189661E-4 2.3979932010320812 -0.0016667824720336094 7.955606909986383E-4
-606.6662730774574 0.0010584414000009428 2.4431504966159863 -0.0018067381147735561 7.642357328955686E-4
-602.1389128306107 9.979803464036014E-4 2.4670606759060623 -0.0017716167456055633 6.999315998501639E-4
-597.6115525837639 7.751254539073063E-4 2.4714407232988274 -0.0015640171305991563 6.100068770999053E-4
-593.0841923369172 4.673346377903391E-4 2.446646230263289 -0.0012023055020436411 5.036179417986122E-4
-588.5568320900705 1.841926449389528E-4 2.345613421004847 -7.19070310750966E-4 3.906904347505676E-4
-584.0294718432239 2.8585780142736583E-5 1.7853928341685725 -1.5818955567300743E-4 2.80909844024942E-4
-579.5021115963772 5.986794643072759E-5 0.10443374991474084 4.292308827108904E-4 1.8284725817467457E-4
-574.9747513495305 2.7231754671040004E-4 -0.1942647507775192 9.89666515188301E-4 1.0330681236510851E-4
-570.4473911026838 5.967650940684769E-4 -0.2664000427154466 0.0014722631347020437 4.694208587337644E-5
-565.9200308558371 9.248697643247465E-4 -0.28946852240131193 0.001833698072828593 1.6146177627486603E-5
-561.3926706089904 0.00114723427708231 -0.29279891410161224 0.002042320618617382 1.1181071501243376E-5
-556.8653103621436 0.0011914873579100935 -0.28362782022379074 0.002081145829940831 3.0482076906898734E-5
-552.337950115297 0.0010465637434748359 -0.26183892565934613 0.0019493907132060524 7.105676140852891E-5
-547.8105898684503 7.646476136806464E-4 -0.22089147423046301 0.0016623921041388331 1.2889673016444785E-4
-543.2832296216036 4.406156523306941E-4 -0.14012720409789708 0.0012499154399136995 1.993341356646332E-4
-538.7558693747569 1.7711171302463608E-4 0.05456029771802588 7.530342480317376E-4 2.772997968145293E-4
-534.2285091279102 4.8447008124475314E-5 0.7210096480882889 2.199124186122383E-4 3.5747127647043465E-4
-529.7011488810635 7.648279682973218E-5 1.8755281416744223 -2.990621749997981E-4 4.34331184274982E-4
-525.1737886342169 2.2666952010377166E-4 2.257151650259516 -7.562768188954758E-4 5.021822765618091E-4
-520.6464283873701 4.245632186649694E-4 2.380080619475822 -0.0011114996869160969 5.551815332975068E-4
-516.1190681405234 5.855458582244528E-4 2.428945915199419 -0.0013356140095809302 5.874570572493147E-4
-511.5917078936767 6.460443841913718E-4 2.4457782797268646 -0.0014131033972300013 5.933585284283041E-4
-507.06434764683 5.848012002941289E-4 2.4432988249561722 -0.0013430530505302205 5.678658276778352E-4
-502.53698739998333 4.2729833637895345E-4 2.4242870203725353 -0.0011385983075827832 5.07145466787897E-4
-498.00962715313665 2.3321762464425052E-4 2.3828336173600655 -8.24924087639183E-4 4.0920654206211385E-4
-493.48226690628996 7.303705237628556E-5 2.281385789286208 -4.360764696543271E-4 2.745738231513557E-4
-488.9549066594432 3.174475588606663E-6 1.374837834776265 -1.0972912824006127E-5 1.0687182207220543E-4
-484.42754641259654 4.851417935571779E-5 -0.5064322389774639 4.1092349638502813E-4 -8.67945365160972E-5
-479.90018616574986 1.973552467665945E-4 -0.6549447572861697 7.937762424433532E-4 -2.9576672842631985E-4
-475.3728259189032 4.086832942538576E-4 -0.7264543228183116 0.001108936843199585 -5.061420481220592E-4
-470.84546567205643 6.27376760688332E-4 -0.7813082977409013 0.001337522277186297 -7.014959713999376E-4
-466.31810542520975 8.010618908686874E-4 -0.8291147199463847 0.0014717595169965528 -8.639927654748719E-4
-461.79074517836307 8.931575001885513E-4 -0.8704861649223344 0.0015149977404918776 -9.758019224464679E-4
-457.2633849315164 8.893372318578741E-4 -0.9018807446748747 0.0014804450184608146 -0.0010206860835123384
-452.73602468466964 7.976721776986552E-4 -0.9154488624630333 0.001388830740944005 -9.855882405539822E-4
-448.20866443782296 6.447160212014392E-4 -0.8963237038327014 0.0012653110810011995 -8.620288064983413E-4
-443.6813041909763 4.701197732716117E-4 -0.8160797204905336 0.0011360096172494773 -6.471306675734441E-4
-439.1539439441296 3.2131188352726677E-4 -0.6222939764936404 0.001024611391827473 -3.441232448801949E-4
-434.62658369728285 2.483023561780789E-4 -0.2585137531183602 9.494048095768988E-4 3.7768045328026646E-5
-430.09922345043617 2.977941462149942E-4 0.18559322124852318 9.210966062812965E-4 4.8406904430889564E-4
-425.5718632035895 5.060615196644406E-4 0.5052474851444072 9.416206537173427E-4 9.763842140679561E-4
-421.0445029567428 8.912954045505026E-4 0.6808590832473193 0.0010040355466194983 0.0014941719522125715
-416.5171427098961 0.001447537526817513 0.7756954370315161 0.0010934746916337994 0.002016773711825299
-411.9897824630494 0.0021429973526577665 0.8325056061457644 0.0011889919432935617 0.0025254633448645444
-407.4624222162027 0.0029248940401616235 0.8738104687226296 0.0012660496753659546 0.003005272448485025
-402.935061969356 0.0037310773750689297 0.9119861021883927 0.001299334868211555 0.0034463681850441905
-398.40770172250933 0.004506270632052894 0.9545305442068255 0.0012655678965702098 0.0038448104197894776
-393.8803414756626 0.005218841553524096 1.0063088664874187 0.0011459885318001236 0.0042025893408607455
-389.3529812288159 0.005873360737752215 1.0702737137943152 9.282595028263977E-4 0.004526933844491659
-384.8256209819692 0.0065151267997822235 1.1473544814427112 6.076108701354206E-4 0.00482897348144608
-380.29826073512254 0.007224974903018932 1.2360006434897473 1.871466857623372E-4 0.005121920515565633
-375.7709004882758 0.008105260021611969 1.331995628523288 -3.226640324458493E-4 0.005419002377594834
-371.2435402414291 0.009260070411001116 1.4291655299271047 -9.051995381549017E-4 0.0057314096828531
-366.71617999458243 0.01077390255683598 1.521033518924676 -0.0015394183441904915 0.006066525880776764
-362.18881974773575 0.012693073812816084 1.6026054187509435 -0.0022018880078381034 0.006426670826385888
-357.66145950088907 0.015013300130248044 1.6713102994144766 -0.0028688727769291913 0.006808526031056898
-353.1340992540423 0.017675535132028103 1.7268651064129408 -0.003518260530183605 0.007203322139252767
-348.60673900719564 0.02057071857406188 1.7705410056819173 -0.004131151281268949 0.007597770488094709
-344.07937876034896 0.023552719292926988 1.8043814353752243 -0.0046929881023190165 0.007975623291685514
-339.5520185135023 0.026457545696411833 1.8306368315814214 -0.005194177361455057 0.008319663853907226
-335.02465826665554 0.02912588164370459 1.85143952283764 -0.005630209170883437 0.008613870287845535
-330.49729801980885 0.03142531769585527 1.8686490332612031 -0.0060013425638146415 0.008845471288753369
-325.96993777296217 0.03326850721916836 1.8837940110139288 -0.00631195706035556 0.009006624040645866
-321.4425775261155 0.034624083132419235 1.8980601344984498 -0.006569689804701914 0.009095491011372928
-316.91521727926875 0.035518542960564475 1.9122962695188783 -0.006784475425047422 0.00911656825345723
-312.38785703242206 0.03602918167603191 1.927027809431064 -0.006967587220740691 0.009080213077212398
-307.8604967855754 0.03627000919692386 1.942477387481577 -0.007130748560924502 0.00900142125058153
-303.3331365387287 0.03637385105394167 1.9586000554299143 -0.007285349153738024 0.008897999950406717
-298.80577629188195 0.0364740976305214 1.975141933757926 -0.007441768972149914 0.008788360133148524
-294.27841604503527 0.03668881444369461 1.9917266807968905 -0.00760878902635227 0.008689200881233055
-289.7510557981886 0.037108531686211046 2.0079629052664427 -0.007793056909811229 0.00861337246006673
-285.2236955513419 0.03778761984698068 2.023552078854842 -0.00799857769009402 0.008568182690153097
-280.6963353044952 0.03873832338933244 2.0383686904464384 -0.008226216150613228 0.008554355918823434
-276.1689750576485 0.03992656612685081 2.052489235585024 -0.008473221036413743 0.008565772744142764
-271.6416148108018 0.04126944107650095 2.0661635219626384 -0.008732810393110463 0.00859002231114003
-267.1142545639551 0.042635385799378 2.079741618858054 -0.008993882960847664 0.008609699876281747
-262.58689431710843 0.04384882855250181 2.093581719455386 -0.009240937682541346 0.008604292973808625
-258.0595340702617 0.044701120533496695 2.10796352998072 -0.00945428669656818 0.008552430975139353
-253.532173823415 0.044968720624164335 2.123021899720134 -0.009610633789285188 0.008434233262708288
-249.00481357656832 0.04443809649697892 2.138703119398319 -0.00968405993895295 0.00823348489653056
-244.4774533297216 0.04293509729732038 2.1547365504567413 -0.009647412906721907 0.007939395438324143
-239.95009308287493 0.0403551114481255 2.1706077198798 -0.009474044049775476 0.007547752201072322
-235.42273283602822 0.03668948505452675 2.1855128058105833 -0.009139779828564553 0.007061355772326746
-230.89537258918153 0.032043584160172174 2.198262402171727 -0.00862496601613929 0.006489712987875277
-226.36801234233482 0.02664253173083988 2.207071814939669 -0.00791638737479886 0.005848049403663627
-221.84065209548814 0.0208219717871318 2.209091566683398 -0.007008851163754289 0.0051557790412739
-217.31329184864143 0.015003133398928382 2.1992818467057744 -0.005906233503690407 0.004434624964783913
-212.78593160179474 0.009653870434136182 2.167371554044354 -0.004621824435671496 0.003706614229830418
-208.25857135494806 0.005239990761672613 2.0880081675111577 -0.0031778680909309814 0.002992172642361664
-203.73121110810135 0.0021736060744872074 1.8798418132607504 -0.0016042730205469056 0.0023085199714888505
-199.20385086125467 7.667985426462361E-4 1.2345169393293949 6.344403160680312E-5 0.0016685194739921951
-194.67649061440795 0.0011989750068565816 0.2454216722804995 0.0017868299950832512 0.00108007399485666
-190.14913036756127 0.003504485951766374 -0.14468495984736934 0.0035275557246391286 5.46093087840389E-4
-185.62177012071456 0.007583552653836914 -0.2858964490915511 0.005250582176881692 6.499029905605828E-5
-181.09440987386787 0.01323499065460736 -0.3514036228764085 0.006927123644935801 -3.683852826134572E-4
-176.56704962702116 0.020204798809898398 -0.3872390523739162 0.008537106041597983 -7.615181002486183E-4
-172.03968938017448 0.02824163085076239 -0.4093099670363507 0.010070858929309026 -0.0011228504724962562
-167.51232913332777 0.03714933684420165 -0.4242665976951325 0.01152985107656877 -0.0014604169520075702
-162.98496888648108 0.04682829860625033 -0.4351634411223012 0.012926373555563992 -0.0017806260912432684
-158.45760863963437 0.05730054341295325 -0.4433930615092758 0.014282181621571714 -0.0020872964407461273
-153.9302483927877 0.06871741742637057 -0.4494835965695694 0.01562621490538375 -0.0023810153114544354
-149.40288814594098 0.08135167117955582 -0.4534948649963759 0.016991612535530047 -0.002658848632021665
-144.8755278990943 0.09557731617342162 -0.45525618309374494 0.01841231455229173 -0.002914393392357925
-140.3481676522476 0.11184045950242061 -0.4545294610221232 0.01991958473466373 -0.003138134686541044
-135.8208074054009 0.13062315753953388 -0.4511219026595529 0.021538797637849497 -0.003318049535575986
-131.29344715855422 0.15240120852617417 -0.44495239725394464 0.02328680331533367 -0.003440389918395239
-126.7660869117075 0.17759669208965093 -0.4360740177664142 0.025170120259781985 -0.003490576540394239
-122.2387266648608 0.20652736682135164 -0.4246609092539747 0.02718411782144802 -0.0034541403824947824
-117.71136641801411 0.23935738380198926 -0.41097345692146364 0.029313244049263637 -0.00331765796802092
-113.18400617116741 0.27605614440996257 -0.3953168611387543 0.03153224561799176 -0.003069635608117468
-108.65664592432071 0.3163732790709568 -0.3780049970071965 0.03380822564010026 -0.002701305370735838
-104.12928567747403 0.3598367172533117 -0.35933599169639274 0.03610330392898077 -0.002207300004084418
-99.60192543062733 0.40577746682640853 -0.3395808156045075 0.03837759139626097 -0.0015861756595865245
-95.07456518378063 0.4533797106424484 -0.3189827424952436 0.040592170934285694 -8.40751315641294E-4
-90.54720493693394 0.5017495161961288 -0.2977639579759071 0.0427117924791977 2.1765549285904707E-5
-86.01984469008724 0.5499913926163761 -0.27613537688423456 0.04470703695453957 9.898938007736474E-4
-81.49248444324054 0.5972803196781927 -0.25430624562261617 0.04655577575683649 0.002048251929744221
-76.96512419639384 0.6429181583367978 -0.2324909172152514 0.04824383987529415 0.003178192467649558
-72.43776394954715 0.6863670912760369 -0.21091109182051831 0.04976490459902743 0.004358678762637279
-67.91040370270045 0.7272578039026529 -0.1897927641656066 0.05111968087455884 0.005567359300634962
-63.38304345585375 0.765375092301932 -0.1693581045749672 0.05231457280643266 0.0067817672591305445
-58.855683209007054 0.8006272547214366 -0.14981347314005067 0.053360005087192575 0.007980548212759004
-54.32832296216036 0.8330073022122616 -0.13133560646349401 0.05426864018929514 0.009144601477669543
-49.800962715313666 0.8625536816358467 -0.11405855647607492 0.055053692619402156 0.010258014742683697
-45.27360246846697 0.8893163483321387 -0.09806405198121713 0.05572750980898007 0.011308680488753331
-40.74624222162027 0.9133314344784382 -0.0833775325249591 0.05630053284853776 0.012288507493320548
-36.21888197477357 0.9346051880811448 -0.0699712299512414 0.05678068404008219 0.013193180397500127
-31.691521727926876 0.9531058363460625 -0.05777451420441741 0.05717316190911074 0.01402147139995341
-27.16416148108018 0.9687608000158758 -0.0466905022526823 0.05748056729963761 0.01477416498151579
-22.636801234233484 0.9814562745672212 -0.036616871383961413 0.05770324426250209 0.015452711964643508
-18.109440987386787 0.9910365156637214 -0.027468086152705476 0.057839701757050783 0.016057775355031348
-13.58208074054009 0.9973011140546988 -0.019195937011012437 0.057886988494673594 0.016587859958586547
-9.054720493693393 1.0 -0.011805428741199914 0.05784092177988643 0.017038224969287367
-4.527360246846697 0.9988276885643506 -0.005363626767402527 0.05769611689233192 0.017400260403207492
0.0 0.9934200352462869 0.0 0.057445818792785826 0.01766146447028417
4.527360246846697 0.9833580422273558 0.004102033238636976 0.057081593653344545 0.017806093277687046
9.054720493693393 0.9681835167526082 0.006721425872692213 0.05659298465973671 0.017816473457563466
13.58208074054009 0.9474302470524277 0.007621701296511324 0.05596726662404718 0.01767488177393248
18.109440987386787 0.9206717718549378 0.006576364779862537 0.05518944143580117 0.017365814303935148
22.636801234233484 0.887583168941575 0.0033946979817314066 0.054242598748668214 0.016878402298612916
27.16416148108018 0.8480103785774045 -0.0020545331608622514 0.0531087246996441 0.016208691815466407
31.691521727926876 0.8020374187324573 -0.00982317439350823 0.05176998065512496 0.015361496456580314
36.21888197477357 0.7500403529238936 -0.019868368562551517 0.05021040180268262 0.014351560046618002
40.74624222162027 0.6927175578705194 -0.03204172475666568 0.04841789175543581 0.01320382749312002
45.27360246846697 0.6310886640895425 -0.046082169998173564 0.04638632486634368 0.011952711653854932
49.800962715313666 0.5664589233146727 -0.06161124607784453 0.04411752263300187 0.010640352231006013
54.32832296216036 0.5003507638559609 -0.07812942441968528 0.04162285228964705 0.009313977209178719
58.855683209007054 0.4344089480314383 -0.09501202559502171 0.0389242090568712 0.008022584568994556
63.38304345585375 0.37028927787133475 -0.11150352869988726 0.03605418915520226 0.006813248767563701
67.91040370270045 0.3095427990033412 -0.12670949855545233 0.03305533491707792 0.005727411698465722
72.43776394954715 0.25350787057249036 -0.13958623652346447 0.029978428517800648 0.004797533983115686
76.96512419639384 0.20322146994413448 -0.14892995876138237 0.02687991623158667 0.004044456523003643
81.49248444324054 0.15935892832315968 -0.1533704687900208 0.023818648103736843 0.00347575630361037
86.01984469008724 0.1222081737352585 -0.1513798204808719 0.02085220563622364 0.003085281383972702
90.54720493693394 0.09168070867979648 -0.1413151885178801 0.018033151004534793 0.00285392879265281
95.07456518378063 0.06735726408385641 -0.12152650292590315 0.015405556843563976 0.002751599397195025
99.60192543062733 0.04856180347834584 -0.0905679243430907 0.013002161228909646 0.002740140526633647
104.12928567747403 0.034453926262077585 -0.04754158927989026 0.010842438390381856 0.002776984297729031
108.65664592432071 0.024127422300245508 0.007458158526950781 0.008931787069341786 0.0028191188892026185
113.18400617116741 0.016702307990599914 0.07296665541106785 0.007261924785957885 0.002826999254248023
117.71136641801411 0.011399322460773024 0.14617125562949246 0.0058124504189356685 0.0027680160376236996
122.2387266648608 0.007589307317582862 0.22372274821520544 0.004553413981650195 0.0026191947761440458
126.7660869117075 0.0048144242162282596 0.3036109773457242 0.0034486258479646792 0.002368885060061952
131.29344715855422 0.002782824360304891 0.3886984379093255 0.002459360651734805 0.0020173106089678735
135.8208074054009 0.001342241720103767 0.4960551445507565 0.001548072931717921 0.0015759730604718877
140.3481676522476 4.403836219511661E-4 0.7035465910534858 6.817469597070551E-4 0.0010660207101339286
144.8755278990943 8.070084576730001E-5 1.582918545569754 -1.6544854445180206E-4 5.157953402051582E-4
149.40288814594098 2.81301251724617E-4 2.8850142961197345 -0.0010104447872873153 -4.215512053739054E-5
153.9302483927877 0.0010428647442609319 3.1426864247410053 -0.0018606283446026455 -5.74270220977467E-4
158.45760863963437 0.0023289547737312287 3.212126941434389 -0.002714274609288686 -0.0010490461967683302
162.98496888648108 0.0040595822946452404 3.227427770758375 -0.0035619432814287593 -0.0014396829881856501
167.51232913332777 0.006116622732761959 3.2180427045600717 -0.00438861402245285 -0.001726074303675579
172.03968938017448 0.008357961362552454 3.1944278244564694 -0.0051762640851965675 -0.0018959902519907507
176.56704962702116 0.01063621309081114 3.16149169083727 -0.005906551841684368 -0.0019453968703078165
181.09440987386787 0.012817628179474929 3.122003224986942 -0.006563274561690889 -0.0018779509149769457
185.62177012071456 0.014797364018921762 3.077744638465493 -0.007134314062901671 -0.0017037911335678751
190.14913036756127 0.01650854725984542 3.0299862711104804 -0.007612863308872297 -0.0014378105386629422
194.67649061440795 0.017924188144592703 2.979708353444977 -0.007997829751273994 -0.0010976325111972615
199.20385086125467 0.019052646488409413 2.9277063014131963 -0.008293423445877475 -7.015247805459148E-4
203.73121110810135 0.019928591729402645 2.8746287199042317 -0.008508044945293567 -2.664706933021167E-4
208.25857135494806 0.020601985541349285 2.820969141545375 -0.008652675831654981 1.9341919151505827E-4
212.78593160179474 0.021127507948181717 2.767026055793674 -0.008739032373924562 6.6802403303602E-4
217.31329184864143 0.021556235132763626 2.7128480378678494 -0.008777763224891426 0.0011517870682397778
221.84065209548814 0.021930572195170722 2.658184877517361 -0.008776953418297144 0.0016437370599217387
226.36801234233482 0.022282731098522614 2.6024668191846323 -0.008741142561336148 0.00214700133221191
230.89537258918153 0.02263655125564178 2.544830294107184 -0.008670983190268754 0.0026678987592279623
235.42273283602822 0.023012128363973927 2.484201107433367 -0.008563567556835813 0.0032147309018240033
239.95009308287493 0.023432380727012377 2.419438065621559 -0.0084133514533388 0.00379640431963042
244.4774533297216 0.02393021870287871 2.349532973928298 -0.00821351601347082 0.004421017864392449
249.00481357656832 0.024554441035780222 2.2738535574833425 -0.007957544927971566 0.00509453789073081
253.532173823415 0.025372109153320124 2.1923971983735018 -0.0076407639491743685 0.005819665075011676
258.0595340702617 0.026465288993082377 2.1059927327632866 -0.0072615960724235745 0.006594972420804524
262.58689431710843 0.0279209451797874 2.0163594067710053 -0.00682232834558692 0.007414368227989871
267.1142545639551 0.029814394837308054 1.9259417781256245 -0.006329258811088682 0.008266912743735293
271.6416148108018 0.032188708182699574 1.837515530176158 -0.005792184372862923 0.009136994374528962
276.1689750576485 0.035034168784835194 1.7536745479301807 -0.005223289362409944 0.010004851253079474
280.6963353044952 0.038272753891314175 1.676378086834586 -0.004635586222075762 0.010847406417817944
285.2236955513419 0.041752184989165435 1.606696538329172 -0.004041130943359952 0.011639369273710995
289.7510557981886 0.04525245901901335 1.544781100210776 -0.00344927636502598 0.012354541755373186
294.27841604503527 0.048505328614093846 1.4899875111321967 -0.0028652300205801538 0.012967254458981484
298.80577629188195 0.05122460698009773 1.4410570507415736 -0.002289148867905101 0.013453846307173088
303.3331365387287 0.053143053199537424 1.396283394834208 -0.0017159351258271376 0.013794092108892321
307.8604967855754 0.054050335447579353 1.3536331341541699 -0.001135804484365881 0.013972477302815053
312.38785703242206 0.05382625770528985 1.3108175272434812 -5.355925726465399E-4 0.013979220153881486
316.91521727926875 0.05246393487115114 1.2653302060861937 9.933796456029417E-5 0.013810950517864448
321.4425775261155 0.05007872246482376 1.21447681586378 7.828149266088921E-4 0.01347097223011511
325.96993777296217 0.04690034242845221 1.1554360263872026 0.0015254829908867423 0.012969063436962117
330.49729801980885 0.04324778437490899 1.0854116234740514 0.00233264617275852 0.01232080468806786
335.02465826665554 0.03948917006103131 1.001956749614608 0.0032026156875332927 0.011546465844507706
339.5520185135023 0.03599162277956951 0.9035431474171952 0.004125796397203971 0.010669526039361225
344.07937876034896 0.033068760477593266 0.7903424463412482 0.005084657261973469 0.009714941338816134
348.60673900719564 0.03093497791404632 0.6649246767350249 0.006054623097809194 0.008707307315724333
353.1340992540423 0.029675463113977285 0.5322916971697794 0.0070058104574044515 0.0076690837194491514
357.66145950088907 0.029238528811401734 0.3987892633485865 0.00790542450605952 0.006619052111658762
362.18881974773575 0.029452579764320093 0.2702265778211113 0.008720550181513331 0.005571162729916498
366.71617999458243 0.030064805469836326 0.15026426474940613 0.009421020610649412 0.004533894066635384
371.2435402414291 0.030793848416171787 0.03987200324328942 0.009982035236863916 0.003510200150681259
375.7709004882758 0.03138560820717284 -0.0622401595004103 0.010386230688096434 0.0024980609101290063
380.29826073512254 0.03166087305995544 -0.1588000741752027 0.010624974998214213 0.001491586619925082
384.8256209819692 0.03154569533535477 -0.25319924367680996 0.01069875147568637 4.8256564361298367E-4
389.3529812288159 0.031079611812749947 -0.3488780294629547 0.010616609777599343 -5.377070893008338E-4
393.8803414756626 0.030401702764504056 -0.44879100474077793 0.010394774157699098 -0.0015765185875877968
398.40770172250933 0.029718787127023392 -0.5548537290093881 0.010054597989007341 -0.0026379547313343816
402.935061969356 0.029262848752503578 -0.6673836119793312 0.009620127013644978 -0.003721447022965806
407.4624222162027 0.029245776382194107 -0.7847379014527253 0.00911557240403641 -0.004820817199819145
411.9897824630494 0.02981893558722981 -0.9034792743994841 0.008562994389789939 -0.005923934510297865
416.5171427098961 0.03104353437820795 -1.019237995793522 0.007980458866196145 -0.007013033251463907
421.0445029567428 0.03287574029146078 -1.1279766749612703 0.007380858988545052 -0.00806566477919073
425.5718632035895 0.03516837536588738 -1.2270289317965108 0.006771501308458719 -0.009056187305907591
430.09922345043617 0.037688837372678266 -1.3154739921887368 0.006154454243101384 -0.009957636872313772
434.62658369728285 0.0401506680666125 -1.3938982189352118 0.0055275592266720505 -0.010743781117494307
439.1539439441296 0.04225403042924425 -1.463880885607381 0.004885924485646876 -0.011391138870602814
443.6813041909763 0.043728618503525135 -1.5274992539797352 0.004223668089558652 -0.011880755286951249
448.20866443782296 0.04437172429321202 -1.586979829925548 0.003535656914004485 -0.012199553258325764
452.73602468466964 0.0440747873952609 -1.6444994441564895 0.0028190028986652986 -0.012341133141731377
457.2633849315164 0.04283388846837282 -1.7020928830971656 0.002074124220401503 -0.012305957986033407
461.79074517836307 0.04074295865396284 -1.7616217638706975 0.0013052492711822677 -0.012100932261714567
466.31810542520975 0.03797215445546897 -1.8247723120739694 5.203251172350097E-4 -0.011738449893935975
470.84546567205643 0.03473688369955166 -1.8930636298269 -2.696226238738858E-4 -0.01123504397337703
475.3728259189032 0.03126451699447572 -1.967858988284452 -0.0010515566825665893 -0.010609809255974855
479.90018616574986 0.027765506834214 -2.0503800186280103 -0.0018117455745726672 -0.009882785240567345
484.42754641259654 0.024413687424987198 -2.141726322062135 -0.0025371282153912288 -0.009073480904157322
488.9549066594432 0.021337655561490528 -2.242898078515198 -0.0032165253665981633 -0.008199693751138212
493.48226690628996 0.018622251387494716 -2.354802970919937 -0.003841529215405846 -0.007276730081801599
498.00962715313665 0.016317050855157937 -2.478200790733969 -0.0044069571536920656 -0.006317076766765476
502.53698739998333 0.014447860994524532 -2.613510978106644 -0.0049108250719587816 -0.005330514961807179
507.06434764683 0.013027453287782518 -2.760414839559069 -0.005353868769504195 -0.0043246108874674
511.5917078936767 0.012062835417358218 -2.917283504808339 -0.005738708676085887 -0.003305474921908038
516.1190681405234 0.01155778305537356 -3.080683643846609 -0.0060688035121185735 -0.0022786529442110595
520.6464283873701 0.011510733337429437 -3.245421403709248 -0.006347365896132429 -0.0012500058696808384
525.1737886342169 0.011909242265514361 -3.405446942101839 -0.00657641386059324 -2.2644473094199794E-4
529.7011488810635 0.012722937164545315 -3.555331743563629 -0.006756107292991472 7.835830012428276E-4
534.2285091279102 0.013897229551417395 -3.6915053240779194 -0.006884471756352916 0.0017699195167858942
538.7558693747569 0.015349972325738889 -3.8126459873223872 -0.006957551283671786 0.0027208519477530378
543.2832296216036 0.016972720462614197 -3.919293429846654 -0.006969965824237025 0.0036235670668361116
547.8105898684503 0.01863730471285448 -4.013142373571281 -0.006915787825827756 0.004464835733678942
552.337950115297 0.020207186550189608 -4.096399276772846 -0.006789604855041574 0.005231829203649945
556.8653103621436 0.02155180355641876 -4.171346965132686 -0.006587607916596868 0.0059129561109240135
561.3926706089904 0.022561196484505608 -4.240104178934974 -0.006308541863410827 0.0064986115770528955
565.9200308558371 0.023157951144316197 -4.304516889587834 -0.005954375061338518 0.006981747264138937
570.4473911026838 0.023304029500409454 -4.366123994604533 -0.005530586849557215 0.00735820010136548
574.9747513495305 0.023001283318894478 -4.426160595174433 -0.00504602694511212 0.007626753236504605
579.5021115963772 0.022285980767416405 -4.485580636498493 -0.00451236244797541 0.007788940141041404
584.0294718432239 0.021219059630874112 -4.545093555958626 -0.0039431864746139605 0.007848636422347172
588.5568320900705 0.019874641014206818 -4.6052171826949175 -0.003352909269696034 0.007811509257725043
593.0841923369172 0.01832939540721333 -4.666352354401258 -0.0027555813400330924 0.007684408345656284
597.6115525837639 0.016654716666089527 -4.728884270295886 -0.002163804905727348 0.007474783520762282
602.1389128306107 0.014912611609801455 -4.793312505719047 -0.0015878742195053394 0.007190203229494458
606.6662730774574 0.013155122033664686 -4.860407603951037 -0.0010352497987821474 0.006838027155036209
611.1936333243041 0.011426273519458087 -4.93138911108481 -5.104219005942415E-4 0.0064252589657028646
615.7209935711508 0.009765151680074555 -5.008117940606498 -1.516215785925293E-5 0.005958575734816384
620.2483538179974 0.00820873521795121 -5.093290062741581 4.508924828510501E-4 0.005444503423003407
624.7757140648441 0.006793446970828398 -5.1905933652162375 8.894246113941585E-4 0.004889686759418821
629.3030743116908 0.005554866753457794 -5.304711742479383 0.0013025204137647748 0.004301189663510608
633.8304345585375 0.004525560593072928 -5.440879242177142 0.0016917929167813391 0.0036867603457139755
638.3577948053843 0.003731445665361912 -5.603409957277228 0.0020576732734002394 0.0030550031953220625
642.885155052231 0.0031874838252205426 -5.79264458380418 0.00239896931482636 0.0024154158433144844
647.4125152990777 0.0028937332847942337 -6.001209967850791 0.002712747296440313 0.0017782715810590519
651.9398755459243 0.0028328301529827685 -6.213527713284079 0.0029945425429435254 0.0011543511577603793
656.467235792771 0.0029697703448944546 -6.411885157302347 0.003238855171108216 5.545502779629573E-4
660.9945960396177 0.0032544174926253736 -6.584538435118328 0.003439845576248935 -1.0593309370211794E-5
665.5219562864644 0.0036265532678256863 -6.728328338059217 0.003592116889583062 -5.313987232183003E-4
670.0493165333111 0.004022668053822894 -6.845881423798605 0.003691461902521951 -9.995101623559797E-4
674.5766767801578 0.004383247178246933 -6.9419852480355075 0.003735461025113669 -0.001408283529200805
679.1040370270046 0.00465918559704849 -7.021445669289638 0.0037238438754867856 -0.00175305319395612
683.6313972738512 0.004816205056944255 -7.088290236819612 0.0036585657502009386 -0.0020312577950072964
688.1587575206979 0.004836672448497656 -7.145654710978072 0.0035435953527435796 -0.0022424228855579143
692.6861177675446 0.004718853687304201 -7.195922424619933 0.003384454752699398 -0.0023880159872844975
697.2134780143913 0.004474186724434401 -7.240929920202396 0.0031875898176048486 -0.002471203632892488
701.740838261238 0.0041234722108012874 -7.282179770315515 0.0029596737426519065 -0.0024965484226521025
706.2681985080847 0.003692909441058739 -7.321054678947901 0.0027069542922248074 -0.0024696861040700573
710.7955587549313 0.0032106963416014323 -7.359048929149684 0.0024347460042597885 -0.0023970183841336206
715.3229190017781 0.00270457634870687 -7.398048549643101 0.0021471435930837143 -0.0022854477547225387
719.8502792486248 0.0022003732560422163 -7.440715814143202 0.0018469961794921703 -0.002142167962141929
724.3776394954715 0.0017212962890899187 -7.491082839967621 0.001536139552670107 -0.001974510209313775
728.9049997423182 0.0012876615639779354 -7.5555541388217895 0.0012158420172389036 -0.0017898331049800583
733.4323599891649 9.166621011889844E-4 -7.644662678537218 8.873848969712903E-4 -0.001595435784472503
737.9597202360115 6.219054741604354E-4 -7.775892711669219 5.526766908479822E-4 -0.0013984698818414335
742.4870804828582 4.1259868206762E-4 -7.975974608691689 2.147935033136225E-4 -0.001205827641163666
747.0144407297049 2.924619523697828E-4 -8.27050233264225 -1.2165142206594218E-4 -0.0010239900135312833
751.5418009765516 2.58653168023593E-4 -8.635241967646603 -4.5038109168155874E-4 -8.588288716695577E-4
756.0691612233984 3.011241458337373E-4 -8.970257080440268 -7.636069079158933E-4 -7.153696560438789E-4
760.5965214702451 4.028479477664002E-4 -9.20668133548289 -0.001052453690455703 -5.975327135740049E-4
765.1238817170918 5.412150071354946E-4 -9.35258150096883 -0.0013076107550705066 -5.078812166267874E-4
769.6512419639384 6.906084040584827E-4 -9.436810800418066 -0.0015201281992848266 -4.474091462273973E-4
774.1786022107851 8.258107449103105E-4 -9.480962105121788 -0.0016822554364010803 -4.1540332211960216E-4
778.7059624576318 9.255871370838793E-4 -9.497981946147206 -0.0017882120111755199 -4.094085989893312E-4
783.2333227044785 9.756518806770628E-4 -9.495268312734966 -0.0018347896949601492 -4.253156942013161E-4
787.7606829513252 9.703304472875135E-4 -9.476961897852252 -0.0018217082644179797 -4.575779780676144E-4
792.288043198172 9.125557770276956E-4 -9.445243644119456 -0.001751681545324235 -4.995487833686981E-4
796.8154034450187 8.12284796447263E-4 -9.40101401807759 -0.0016301900261200776 -5.439164610668183E-4
801.3427636918653 6.838349997262481E-4 -9.344191343818897 -0.0014649956482841195 -5.832025348438024E-4
805.870123938712 5.428820127075061E-4 -9.2736988002797 -0.0012654674700493206 -6.102805259438744E-4
810.3974841855587 4.03855263874035E-4 -9.187030059150974 -0.0010418090352736049 -6.188703597284282E-4
814.9248444324054 2.7824172457918136E-4 -9.078952951445201 -8.04286474382773E-4 -6.039660058976535E-4
819.4522046792521 1.7395766033169444E-4 -8.93799846619279 -5.625498147476814E-4 -5.621616545465377E-4
823.9795649260988 9.560910733136667E-5 -8.736331845478825 -3.251201465402911E-4 -4.91853123356222E-4
828.5069251729454 4.524539758336092E-5 -8.399050436394099 -9.908564343744958E-5 -3.933046785972993E-4
833.0342854197922 2.316767115178999E-5 -7.763587669140779 1.0998512403491842E-4 -2.685851642188891E-4
837.5616456666389 2.8467024573659714E-5 -6.9683555479900345 2.979380707579019E-4 -1.2138946321376492E-4
842.0890059134856 5.916568099121548E-5 -6.488117769418676 4.617901286558978E-4 4.322961230324513E-5
846.6163661603323 1.1203537212792836E-4 -6.230893740601895 5.994186175291888E-4 2.1918883158342537E-4
851.143726407179 1.8230383242287627E-4 -6.068242965201159 7.092595952619401E-4 3.997304980381869E-4
855.6710866540257 2.6350196853351996E-4 -5.950040740089883 7.900830313698162E-4 5.777790119205321E-4
860.1984469008723 3.4765485242313645E-4 -5.855603585710375 8.408927895806909E-4 7.462763072282398E-4
864.725807147719 4.259065208831558E-4 -5.774744443168035 8.609715266514741E-4 8.984821622884571E-4
869.2531673945657 4.895288424370073E-4 -5.701484288435478 8.50059535302088E-4 0.0010282332687768876
873.7805276414125 5.311361589651369E-4 -5.631713840992584 8.0862759634356E-4 0.0011301615866878454
878.3078878882592 5.458433073066263E-4 -5.562194347053944 7.381820174668806E-4 0.0011998768433801742
882.8352481351059 5.320895932639273E-4 -5.490045889605108 6.415290246968673E-4 0.0012341194749356272
887.3626083819526 4.919149925037618E-4 -5.41239540681376 5.229275646161821E-4 0.0012308888536992258
891.8899686287992 4.306051401531029E-4 -5.326012668095269 3.880742895535672E-4 0.0011895478535950256
896.4173288756459 3.5578257066029947E-4 -5.226776540261006 2.4388984188690625E-4 0.0011108996846686237
900.9446891224926 2.7616151819102793E-4 -5.108727255030598 9.810755866218016E-5 9.972277619154507E-4
905.4720493693393 2.0025348369920727E-4 -4.962241594279051 -4.13007430692378E-5 8.522854872264458E-4
909.9994096161861 1.3528633709497995E-4 -4.770535942873638 -1.6679764396055114E-4 6.812213536073903E-4
914.5267698630328 8.649476588991672E-5 -4.5043316372965005 -2.7196671139866757E-4 4.904264689550117E-4
919.0541301098795 5.680275968006179E-5 -4.124231086981988 -3.521196909471829E-4 2.872966462485194E-4
923.5814903567261 4.6810695471363964E-5 -3.6347940140703248 -4.0473729159635406E-4 7.990922723422667E-5
928.1088506035728 5.496430296910179E-5 -3.1602535173552546 -4.296764090446663E-4 -1.23375149289626E-4
932.6362108504195 7.782410719867351E-5 -2.807593290073016 -4.2910754777580906E-4 -3.1436492998669044E-4
937.1635710972662 1.1043342689733823E-4 -2.56694705625341 -4.071836936283121E-4 -4.8551353494495587E-4
941.6909313441129 1.468411453233794E-4 -2.3992227184790287 -3.6948033502267615E-4 -6.303809069822608E-4
946.2182915909596 1.8082564753434214E-4 -2.277822337747032 -3.222798422221592E-4 -7.440395519048788E-4
950.7456518378063 2.0678300795692547E-4 -2.187904603428958 -2.7179674062515624E-4 -8.233853035413964E-4
955.273012084653 2.206272608033319E-4 -2.1212191826809517 -2.2344977630947842E-4 -8.673194184613073E-4
959.8003723314997 2.204710623904567E-4 -2.072954109855422 -1.8128037272311534E-4 -8.767794962205027E-4
964.3277325783464 2.068676421603029E-4 -2.0400881044527197 -1.475958022142555E-4 -8.546110370894268E-4
968.8550928251931 1.825113370788732E-4 -2.020495890028388 -1.2288214962443482E-4 -8.052875775049803E-4
973.3824530720398 1.5147102174845352E-4 -2.0123846354982255 -1.0599182741231706E-4 -7.345033578213333E-4
977.9098133188864 1.1819013793257914E-4 -2.0138377594341197 -9.456908458463682E-5 -6.486763908841555E-4
982.4371735657331 8.655544531460335E-5 -2.022330815779023 -8.56409621270671E-5 -5.544098320460153E-4
986.9645338125799 5.928407924304359E-5 -2.0341095647709744 -7.627609596373094E-5 -4.5796436601122783E-4
991.4918940594266 3.773404346948141E-5 -2.0432858309116675 -6.42036697090602E-5 -3.647932175211926E-4
996.0192543062733 2.207887285121989E-5 -2.040348390755615 -4.829144449930774E-5 -2.791843864174455E-4
1000.54661455312 1.1678915850965635E-5 -2.009311530067164 -2.8804353482764022E-5 -2.04042564264651E-4
1005.0739747999667 5.469689527842394E-6 -1.9215708268466691 -7.400368596695326E-6 -1.408273158531346E-4
1009.6013350468133 2.257794967063962E-6 -1.7235622371726176 1.3137079208461396E-5 -8.964638131758848E-5
1014.12869529366 9.110430467868541E-7 -1.3331769076442028 2.93874776351041E-5 -4.948548560824585E-5
1018.6560555405067 4.900819395082032E-7 -0.7530154536963002 3.7922424925341E-5 -1.8540915491324302E-5
1023.1834157873534 3.638520316363742E-7 -0.1495384745876982 3.597039446664853E-5 5.389863109303189E-6
1027.7107760342 2.9837733541992577E-7 0.540968945301463 2.200296020068712E-5 2.450983358270398E-5
1032.2381362810468 4.589400942609279E-7 1.367213347218842 -3.8622457571923314E-6 4.0666092905715707E-5
1036.7654965278934 1.2682929864742283E-6 1.8972994349033956 -3.9719865608330955E-5 5.507889737454197E-5
1041.2928567747401 3.1296957761139884E-6 2.1498330605573237 -8.203409458061865E-5 6.81878637932911E-5
1045.820217021587 6.116416676170469E-6 2.280005413613112 -1.2608444810728483E-4 7.963182962667806E-5
1050.3475772684337 9.785002974143762E-6 2.3557636708389422 -1.6664102153219522E-4 8.836176442443524E-5
1054.8749375152804 1.3238576401814236E-5 2.406235971527466 -1.9876894208623857E-4 9.286923437433217E-5
1059.402297762127 1.5449649303548456E-5 2.4469678770718577 -2.1863447706204015E-4 9.149827043609376E-5
1063.9296580089738 1.5707593921873396E-5 2.4895187770961167 -2.2417703632825168E-4 8.279781638223547E-5
1068.4570182558205 1.3968893711347E-5 2.5467230485719123 -2.1552432153079998E-4 6.586649449686961E-5
1072.9843785026671 1.0919147070745812E-5 2.6379035236172634 -1.950612080094068E-4 4.064186126074224E-5
1077.5117387495138 7.698863400901506E-6 2.7949309600306718 -1.671125438378361E-4 8.092582934801983E-6
1082.0390989963605 5.424603428027486E-6 3.0565290070196074 -1.372592061828431E-4 -2.9716684125069367E-5
1086.5664592432072 4.7474388768695205E-6 3.4025536086074233 -1.113669982246081E-4 -6.970278447641448E-5
1091.0938194900539 5.661036882638727E-6 3.69541055206762 -9.446024633538595E-5 -1.0798182696396739E-4
1095.6211797369006 7.615181648407997E-6 3.845435568257215 -8.96079347791206E-5 -1.40207895562231E-4
1100.1485399837472 9.805916603310847E-6 3.874583005275056 -9.700352916597005E-5 -1.6199810525318575E-4
1104.675900230594 1.1429650253993817E-5 3.8241741147686485 -1.1340689873431586E-4 -1.6939786300747395E-4
1109.2032604774406 1.1780358391347443E-5 3.721975543016824 -1.3207814720582993E-4 -1.5933378194938477E-4
1113.7306207242873 1.02939125061517E-5 3.580191011743555 -1.4327261055355634E-4 -1.300012351318586E-4
1118.257980971134 6.844909450915078E-6 3.3835461450000706 -1.352910016217789E-4 -8.113919326841239E-5
1122.7853412179809 2.589771477382547E-6 2.9897274975242754 -9.599834108328214E-5 -1.4156256105091471E-5
1127.3127014648276 1.3275355559005948E-6 1.4849967537949802 -1.465077333711206E-5 6.791248765491802E-5
1131.8400617116743 1.0808542663495697E-5 0.6462783040240103 1.1618876671080242E-4 1.606196209408145E-4
1136.367421958521 4.2946578162962044E-5 0.4147238332942113 2.988978986551379E-4 2.584731414900673E-4
1140.8947822053676 1.118442581591401E-4 0.29292582070108936 5.294586276584493E-4 3.554224505360564E-4
1145.4221424522143 2.2916592354125913E-4 0.21147636331100012 7.967595032487961E-4 4.4541280446857044E-4
1149.949502699061 3.976225015498745E-4 0.15168730840419808 0.0010826953353386775 5.22949198851795E-4
1154.4768629459077 5.771090199752736E-4 0.10705319409638848 0.001331178644476683 5.71190614335821E-4
