943.512322768451 3.6475880802922757E-7 24.688450356253323 0.0013580762414591163 -0.0017398590022223992
943.2014606944097 1.5365675171495474E-8 26.037731118300208 4.0947842540295376E-4 1.9340666757661218E-4
942.8908033943784 5.309011889277737E-7 27.60839214833135 -0.0011361481802807383 0.002406283166926926
942.5803506660874 1.7920748688736265E-6 27.752193525596017 -0.0026985217026038733 0.004074862387029254
942.270102307534 2.4827387023816057E-6 27.83073394489878 -0.0035415938174772066 0.004530750129958183
941.9600581169805 1.6345288969413337E-6 27.88742357157727 -0.0030762842091878184 0.0035063380706817915
941.6502178929555 2.0807411152017947E-7 27.91524957299855 -0.0011315969045773144 0.0012196033774580783
941.340581434252 4.984424079816762E-7 24.865129145386632 0.0019158924707249891 -0.0017191909481409917
941.031148539928 3.5825144130861467E-6 24.881122321911825 0.005207726262267176 -0.004524820338082269
940.721919009305 7.571136844458323E-6 24.892976388176987 0.007645605112315712 -0.006485574543730388
940.412892641969 8.965390958624742E-6 24.880854868001418 0.008230996505938837 -0.007155503634888261
940.1040692377686 6.2135758251724356E-6 24.807411417006296 0.006394654148201839 -0.006441615614520252
939.7954485968154 1.956199513040613E-6 24.47578344658253 0.0022150074294255973 -0.004584106372887503
939.4870305194838 1.2672864006543682E-6 22.981739745808746 -0.0035409265634605003 -0.002059801568215003
939.1788148064094 6.945310444582763E-6 22.397162346438122 -0.009570848769537843 5.529770761742991E-4
938.87080125849 1.613099002534642E-5 22.26764308427323 -0.014350239745292148 0.0027186717677293304
938.5629896768842 2.193064972601365E-5 22.212983160893298 -0.016528659060860207 0.004078003678494535
938.2553798630115 1.9310175566230665E-5 22.165991041382537 -0.015307861621306484 0.004549469074749457
937.947971618551 1.0116825766149749E-5 22.06732214575535 -0.010698310488586271 0.004367024986852264
937.6407647454428 2.192458867627437E-6 21.611163215958793 -0.003574406654172635 0.0040176315009265995
937.3337590458851 2.7902705053917454E-6 20.04706319198431 0.004503814073346657 0.004061308832032484
937.0269543223361 1.2139474397418606E-5 19.70811890221351 0.011672443519873399 0.004864134975030132
936.7203503775119 2.312565741012833E-5 19.68485798699861 0.016256964936549045 0.006334956835024386
936.413947014387 2.721880031216492E-5 19.737907512347977 0.0172422101377957 0.007795739870675056
936.1077440361936 2.1151752094932927E-5 19.820434955779476 0.014576580070007894 0.008099124359466248
935.8017412464212 9.207708301601306E-6 19.89270032651041 0.009203474334235573 0.006022167646961063
935.4959384488161 6.446199395700024E-7 19.604702785702894 0.0027865402768590952 8.358504211327666E-4
935.190335447381 4.518112341798794E-6 17.368842152748535 -0.0028103739142659734 -0.007168194288374785
934.8849320463748 2.352155137099597E-5 17.38532139585029 -0.00613997924572271 -0.016453585987008634
934.5797280503117 4.9221837685345814E-5 17.476116915004166 -0.00668516091096602 -0.024500918841027897
934.2747232639616 6.423376775845937E-5 17.566480328200804 -0.005078312643837651 -0.02855449399343224
933.9699174923485 5.4836204981163995E-5 17.633562409567787 -0.0029121325078132754 -0.02662963124813006
933.6653105407513 2.622644317104134E-5 17.62565985414476 -0.002158709558365668 -0.01839375689203404
933.3609022147028 3.7893083177546177E-6 17.073948036149858 -0.004362033174812818 -0.005522414411638865
933.0566923199889 1.3271245779117074E-5 15.449858223847814 -0.009882127577644395 0.008699376885094756
932.7526806626493 5.55241536583433E-5 15.308330569433044 -0.01749548034662235 0.020460597883836473
932.4488670489754 1.0139051213225824E-4 15.342607438815325 -0.024567600469355244 0.026813590959174835
932.1452512855122 1.1453079601009671E-4 15.404764792426167 -0.0278218492402586 0.02681248236040648
931.8418331790556 8.284891785970395E-5 15.442253673620954 -0.02449302773639045 0.02189439381387484
931.5386125366532 3.185842597627166E-5 15.323285643641459 -0.013465218258335188 0.015278664068201345
931.2355891656038 9.851795644368247E-6 14.234107693609898 0.004060021386698365 0.010568284389334937
930.9327628734568 5.473774288947342E-5 13.41847363040594 0.024690507375151605 0.010102318425474377
930.6301334680118 1.6226811005633706E-4 13.334465333875968 0.04380651833306923 0.013760880264811898
930.3277007573183 2.779212516991346E-4 13.348043622328282 0.05706178423223324 0.018779693858474833
930.0254645496751 3.281146427209548E-4 13.3534135503001 0.06187022324536247 0.020731087162185496
929.7234246536304 2.8005767979600053E-4 13.287338076653253 0.05828099660272543 0.01533192680774742
929.4215808779808 1.8416593585208232E-4 13.03745507628954 0.04885237246019667 3.5944410091434675E-4
929.1199330317706 1.5008140293242263E-4 12.477726232078949 0.03753090588693602 -0.02313301904709089
928.8184809242931 2.6023863216745915E-4 11.962136698397895 0.02796820138698798 -0.05085219451263656
928.5172243650878 4.909717311253183E-4 11.738676994450849 0.021974693908802245 -0.07659924877180194
928.2161631639422 7.167727311985967E-4 11.65572410937328 0.01878520465064673 -0.09440336337907945
927.9152971308895 8.021233944784929E-4 11.612011367113393 0.015484165741269235 -0.10060629737124786
927.61462607621 7.054267198906355E-4 11.547836324667266 0.008437660085908238 -0.09505374183973278
927.3141498104292 5.093349965582532E-4 11.399093657015461 -0.004877492113529433 -0.08091350875002427
927.0138681443182 3.5635562619352676E-4 11.090114028217998 -0.024459281054050763 -0.06321399541604833
926.7137808888933 3.441491137054269E-4 10.666455155724217 -0.04743452208007887 -0.04673316683536105
926.4138878554153 4.599924811076556E-4 10.348057425794012 -0.06897474360390476 -0.034135028742142706
926.1141888553891 5.988121632662159E-4 10.178852904760081 -0.08410479637963789 -0.025129834936829423
925.8146837005635 6.470992369860027E-4 10.075723224033585 -0.08962588646980411 -0.01697845193943659
925.5153722029311 5.692169119174552E-4 9.959547518096775 -0.08531112402485279 -0.006070951582725331
925.2162541747268 4.3269716511251574E-4 9.751853699155996 -0.07384952432013445 0.01015490647492516
924.9173294284291 3.554287322129579E-4 9.397870771513652 -0.05957234063175344 0.0318237127206713
924.6185977767577 4.1666765034250344E-4 9.007801340283585 -0.04653826298500478 0.05637637759687868
924.3200590326753 5.996696992357882E-4 8.75126875239475 -0.03683117714186497 0.07955976640229709
924.0217130093852 8.067419052105827E-4 8.6153230747834 -0.029809416116738662 0.09718628219035358
923.7235595203322 9.318772806972601E-4 8.526103828607582 -0.022596512097141464 0.10685674154447511
923.4255983792018 9.368489406462669E-4 8.42326619319822 -0.011534530303384558 0.10886609608310677
923.1278293999195 8.79939811983802E-4 8.260160845758698 0.006100367222841824 0.10588850281375262
922.8302523966513 8.82555182187832E-4 8.022422857427454 0.03090190997257789 0.10159145882719509
922.5328671838022 0.001057527063912707 7.763489343990955 0.061153882401849755 0.09880655040508954
922.2356735760167 0.0014412915087097203 7.555324110977544 0.0936600627916006 0.09807335792577958
921.9386713881776 0.0019682227029596457 7.407410513596709 0.12510478314804188 0.09719437948943907
921.641860435407 0.002506820220510508 7.287491465787685 0.15324724947344437 0.0919816630174562
921.3452405330639 0.002946631483505011 7.160495036769348 0.17738310624117232 0.07785301737325998
921.0488114967459 0.0032865140033952072 7.001886009392983 0.19790539191395742 0.051583419992393575
920.7525731422869 0.0036553275939599796 6.804854152633421 0.21525669717335238 0.012486382708671008
920.4565252857586 0.004230710200357043 6.5848788587026945 0.22885671132403662 -0.03741037896014489
920.1606677434686 0.005104283318580145 6.368097579616869 0.236578484403316 -0.09416742040290091
919.8650003319606 0.006202870913954319 6.169088406568157 0.23505245302385644 -0.1532688792189423
919.5695228680144 0.007342824348152787 5.9842182267090145 0.22065863307382677 -0.21085965044788574
919.2742351686445 0.008382369791479966 5.801114575270258 0.19073738972905727 -0.26436867756196136
918.9791370511012 0.009347304201415338 5.609335326538357 0.1444661763557176 -0.31234344159851885
918.6842283328685 0.010425701333258906 5.406709936932305 0.08304078835932721 -0.35371102451890546
918.3895088316655 0.011838619307674126 5.1997694926525035 0.009154099987853243 -0.3869331575749042
918.094978365444 0.01369457838306907 4.997577913668401 -0.07390310323655333 -0.4095275554776915
917.8006367523907 0.015943105132140336 4.80436385190945 -0.16304909182929891 -0.4182032108600712
917.5064838109241 0.01845923435794561 4.617869269805439 -0.25575596301205916 -0.4095309175615816
917.212519359696 0.02118694211733944 4.4330806818783195 -0.3498393953106981 -0.38081046794263135
916.9187432175908 0.0242240995526887 4.24672248427207 -0.4429009131755721 -0.33072600230193305
916.6251552037239 0.0277794437730538 4.059325546143434 -0.5317984070840309 -0.2595205549276518
916.3317551374437 0.032038348590701364 3.8740662710837057 -0.6124799534365425 -0.16868273466271416
916.0385428383283 0.03705310461348493 3.693841441967077 -0.6803027655634787 -0.06037952738515781
915.745518126188 0.04275479001131673 3.519268170744315 -0.7306969161937262 0.06303309128089582
915.4526808210625 0.049079200708575764 3.348966248762938 -0.7598629959909227 0.199175649416608
915.1600307432225 0.05609842422712564 3.181257297970575 -0.7651971221545981 0.3454510927735827
914.8675677131678 0.0640409696381876 3.0156443400877073 -0.7453008927011866 0.49866984270606535
914.575291551628 0.07317516738014307 2.8530478398256456 -0.6996592973605865 0.6547751821365473
914.2832020795613 0.08364602801339739 2.694868010787058 -0.628231298720488 0.808890913697071
913.991299118155 0.09539944992709332 2.5418220859588914 -0.5312130276247529 0.9557321945441477
913.6995824888246 0.10826213102513321 2.393511488091143 -0.4091038223649095 1.090221694522591
913.4080520132131 0.12212089818229288 2.2488939127992893 -0.2630110183557107 1.208046074802675
913.1167075131917 0.13706187962184285 2.1071266512205646 -0.09498182968281793 1.3059272769939447
912.8255488108582 0.15335884266582167 1.9681227383241833 0.09187003128187385 1.3815420193575592
912.5345757285377 0.17132059995570903 1.8324887765705142 0.29356271208038476 1.4332094959048316
912.2437880887812 0.19112116173188562 1.7009898872070615 0.5057108434694102 1.4595778342287657
911.9531857143667 0.21274937840574829 1.57400649734085 0.72405492105413 1.4595161899272764
911.6627684282969 0.2361168307764714 1.4513834376087793 0.9448249808581368 1.4322796699168572
911.3725360538006 0.26123312432449985 1.3327146583315823 1.164805711451514 1.3778411057357167
911.0824884143317 0.2882994672478742 1.217787007170049 1.3811367458764252 1.2971763125318025
910.7926253335681 0.3176309075017551 1.1068417935708936 1.5910235445896814 1.1923079810545247
910.502946635413 0.34945068367742094 1.000486229590443 1.7915735675329696 1.0660456525013804
910.2134521439924 0.383704924857612 0.8993497971840299 1.9798905326034637 0.9215288651618354
909.924141683657 0.42003959816171016 0.8037482263731874 2.1534050086747647 0.7617905977621574
909.6350150789798 0.45796556599763766 0.7135784213011505 2.3102797365456693 0.5895460519535274
909.3460721547575 0.4970983831091673 0.6284801293131004 2.4496799800786198 0.4072845999563782
909.0573127360088 0.5373016169573153 0.5481262586633591 2.5717675493621677 0.21757255770600356
908.768736647975 0.57862860716927 0.4724505582076617 2.6774219108858937 0.023357684774744078
908.4803437161187 0.6210990591787938 0.4016889583838825 2.767831900183985 -0.17193103600670934
908.1921337661244 0.6644626224668642 0.33623857607002705 2.8441603153359183 -0.36457435880346334
907.9041066238979 0.7081105873191005 0.2764466825365339 2.907430897985252 -0.5509606470299657
907.6162621155651 0.7511934474899784 0.2224670062471823 2.9586547107293835 -0.7279840585956292
907.3286000674731 0.7928594466906639 0.1742570975917701 2.999075650929405 -0.8932308764554557
907.0411203061884 0.8324475900574028 0.13169401901893707 3.0303487610608455 -1.0448574768739793
906.753822658498 0.8695037455701617 0.09472161896820452 3.054505263599128 -1.181235720752428
906.4667069514073 0.9036133361060155 0.06343923916227823 3.073680674600089 -1.3005734587585551
906.1797730121418 0.9341716963725817 0.03808759534300421 3.089717810016462 -1.4007345359239372
905.8930206681448 0.9602589298359229 0.018950592315825077 3.103829760967508 -1.4793738510621601
905.6064497470785 0.980722534433996 0.006235890825241341 3.1164791340521667 -1.5343289662231618
905.3200600768228 0.9944413553099765 0.0 3.1275159321252373 -1.5640676973660925
905.0338514854755 1.000632581524522 1.506100150621137E-4 3.1364809002310325 -1.5679605851474312
904.7478238013516 0.9990400806410488 0.006515290751956115 3.142898542047654 -1.5462451508319899
904.461976852983 0.9899183846244426 0.01893592185383497 3.1463988472917803 -1.499720138285714
904.1763104691183 0.9738479770905161 0.03734194929707613 3.14660952030596 -1.4293560335337654
903.8908244787224 0.95150519726527 0.061769964391348964 3.142893513801469 -1.3360496865931721
903.6055187109762 0.9235147117681795 0.09232360808824325 3.1340964368644313 -1.2206627564990382
903.3203929952758 0.8904420514650309 0.12909513368897763 3.118466079983815 -1.0843163324477487
903.0354471612334 0.8528902654170367 0.17208660327124647 3.0938142168177927 -0.9287628909738428
902.7506810386751 0.8116072257060621 0.22116792842457045 3.0578606459363717 -0.7566081603775421
902.4660944576424 0.7675181864804542 0.2760922271154378 3.008603174449383 -0.5712376656916642
902.1816872483906 0.7216570538476663 0.33656371561804477 2.944547559861393 -0.37646926566712113
901.897459241389 0.6750345616128337 0.4023289084806727 2.864712759886655 -0.17610876697580877
901.6134102673208 0.6285112400472158 0.4732477806370845 2.768453370461078 0.02635909524784702
901.3295401570819 0.5827277470393981 0.5493062529203527 2.655242360902571 0.22779047203300207
901.0458487417814 0.5381054614818142 0.6305573971305343 2.5245769829342866 0.42512805588134117
900.7623358527409 0.49489595876990117 0.7170166855241717 2.3760981591597474 0.615051176734741
900.4790013214944 0.45324680821507424 0.8085663176215512 2.2098890424267905 0.7937729312963371
900.1958449797874 0.41326112894928335 0.9049254493103724 2.026810923452743 0.9571525916287988
899.9128666595774 0.3750437326919926 1.0057114368903015 1.8287040230255536 1.1011185463338284
899.6300661930328 0.3387322279675156 1.1105667303931561 1.6183442773179215 1.2222221040479297
899.3474434125333 0.3045062534450285 1.2192854312745744 1.3991702342294101 1.318065041049027
899.0649981506685 0.2725653560767306 1.3318685025475077 1.1749088297496382 1.3874091874862233
898.782730240239 0.24307727228441 1.4484731082623092 0.9492717497289483 1.4299492091557688
898.500639514255 0.2161182887901771 1.569280476565364 0.7258416186847061 1.4459127837293844
898.2187258059358 0.19163852940571346 1.6943533591455626 0.5081488801251166 1.4357410820858902
897.936988948711 0.16947521169634305 1.8235574812831246 0.29982268575286397 1.400044842806315
897.6554287762181 0.14941010396098428 1.956576499247955 0.10464953659268073 1.339858699228642
897.3740451223036 0.13124045052518213 2.092990014525128 -0.07357828174372968 1.2570271480497008
897.0928378210224 0.11482406337674791 2.2323593984186516 -0.23142112893941705 1.1544599339472073
896.8118067066373 0.10007680850743958 2.3742974797638325 -0.3662266170327083 1.036051632322164
896.5309516136183 0.08693325369152997 2.518551072160676 -0.4764488289843092 0.9062420513501717
896.2502723766432 0.07530463021698203 2.6651365163333125 -0.5617036902030503 0.7693995933727034
895.969768830597 0.06506499087921393 2.8145047834018158 -0.622539473308986 0.6293202881965276
895.6894408105702 0.056071191411544936 2.967614339062319 -0.6600454538526649 0.4890823991765885
895.4092881518609 0.04819628372612926 3.1257515138144853 -0.6755027860197442 0.35130322587592244
895.1293106899724 0.04134775631735421 3.290030517493893 -0.6702523851945582 0.2186156343018139
894.849508260614 0.035455727777293056 3.4607138943370686 -0.6458275759159124 0.09404672500616915
894.5698806997002 0.030441211221566285 3.6367173490907483 -0.6042423237569188 -0.018978154017509713
894.2904278433508 0.0261922010588782 3.815721221740503 -0.5482264050908023 -0.11708058295681491
894.0111495278899 0.022569963796845664 3.9950258313109863 -0.4812157258067127 -0.19764092070700007
893.7320455898465 0.019442050133458667 4.1727523459375355 -0.4070352095731878 -0.259424976248506
893.453115865953 0.016715218656435743 4.348675034039491 -0.32938565731885383 -0.30279160056947896
893.1743601931461 0.01434275783866914 4.524206526147513 -0.25136820689903744 -0.32935159413646825
892.8957784085661 0.012303724561567888 4.701601447271404 -0.17527760815244048 -0.34123393732181806
892.6173703495557 0.010572976604929236 4.882872309858779 -0.10276143257280643 -0.3403276129987307
892.3391358536611 0.009103627828966489 5.0690406201471525 -0.03524324406452193 -0.3278859535593106
892.0610747586304 0.007831180267833148 5.260097774242531 0.02564859548822169 -0.30468766571397365
891.7831869024145 0.006693660613124432 5.45548677401306 0.07792706377659385 -0.27164270027485193
891.5054721231656 0.005652873843383245 5.654492137869582 0.11951319336669675 -0.23047625444166905
891.227930259238 0.00470219336925225 5.856099696861051 0.14883946499544629 -0.18406266937674975
890.9505611491863 0.0038567060107459602 6.0584966816748675 0.16550147240165455 -0.13615403697779385
890.6733646317673 0.003134841960665494 6.258869470498578 0.1706047413722797 -0.0905700598282953
890.3963405459373 0.0025449019448660196 6.454116292639544 0.1665753624885366 -0.050215834694015984
890.1194887308534 0.0020820897898614727 6.642421526488519 0.15645982647276085 -0.016408343854120454
889.8428090258728 0.001731943204685578 6.82471204631689 0.14300276876693635 0.01114810353530071
889.566301270552 0.0014741682554785425 7.004685715204939 0.1279205589367205 0.03372484378688746
889.2899653046472 0.001284943407458029 7.186998821967933 0.11170614586898489 0.05260090764427962
889.0138009681132 0.0011388723598508858 7.374855923946537 0.09403767499346531 0.06826854229281792
888.7378081011042 0.0010121217549501856 7.568936287432951 0.07455061489987296 0.08022184459905482
888.4619865439722 8.873374134860883E-4 7.768215294170766 0.0535360013941841 0.08741883470732244
888.1863361372677 7.586478881254717E-4 7.971435764575624 0.03215944377501302 0.08913117615681754
887.9108567217389 6.327736069327303E-4 8.177925135375308 0.012053515012899241 0.08566762808432489
887.6355481383316 5.24015336500379E-4 8.387727315046792 -0.005506133446836078 0.07850932261305768
887.3604102281885 4.4649187657661916E-4 8.601902631476754 -0.0203629227698358 0.06971197078107833
887.0854428326496 4.097391760589708E-4 8.823217761665758 -0.03367996382851764 0.060851530165443424
886.8106457932515 4.199135925093105E-4 9.055364678258575 -0.04733897386435007 0.052089492813046034
886.5360189517266 4.82843691852589E-4 9.299164430315175 -0.06272510140990742 0.04193804752344521
886.261562150004 6.023859582106547E-4 9.549875097352972 -0.07946723276527443 0.027988029988896858
885.9872752302076 7.6955630822289E-4 9.80049794751052 -0.09482954584080631 0.00836726250608568
885.7131580346576 9.467674981539616E-4 10.047662300918647 -0.10422473877862831 -0.01672964890924393
885.4392104058686 0.0010651459160962847 10.294739357698063 -0.10281985032865085 -0.04422916723026202
885.1654321865504 0.00105421175023576 10.552662777043032 -0.08765641247939561 -0.06861647711574487
884.8918232196069 8.951949391688712E-4 10.841784271485324 -0.05937680944118166 -0.08360965438516374
884.6183833481367 6.517357649005368E-4 11.196549581552082 -0.022719998696907023 -0.08447039284204022
884.3451124154316 4.357828283914425E-4 11.664626510154203 0.014578863405155448 -0.07000308586348822
884.0720102649775 3.267585915114204E-4 12.253973950294231 0.044173007455480584 -0.04336113424481107
883.7990767404536 3.1678667713124604E-4 12.844423756744856 0.05988078772374647 -0.011247840298947244
883.5263116857317 3.3323881826679777E-4 13.326268907660282 0.0597509080199741 0.018232768652743064
883.2537149448766 3.103773495884532E-4 13.717618620487055 0.04657894999704765 0.03824957412864742
882.9812863621452 2.3703671887950395E-4 14.069677004447774 0.026674099514752886 0.045398652918242646
882.7090257819868 1.4516001313130765E-4 14.42024594217434 0.007400978714579648 0.04052246833432771
882.4369330490422 6.942343251255698E-5 14.794702154705206 -0.0054848791406112915 0.02794529718213401
882.165008008144 2.3637671541748507E-5 15.220249746531538 -0.009643674595304824 0.013526681987117845
881.8932505043158 4.050665719033589E-6 15.817479221422872 -0.006448003341004066 0.002384522131293254
881.621660382772 6.735824774939614E-7 17.81741591518396 2.0979925936079336E-4 -0.0027947138837346452
881.3502374889181 3.482156014330324E-6 18.949922631919115 0.005954270253107102 -0.0022640749797991355
881.0789816683492 5.499639324304333E-6 19.502691896192594 0.007860036966188866 0.0015068256348554354
880.8078927668513 5.00291246147043E-6 20.08480336430265 0.005470181433046312 0.005320424602086565
880.5369706303991 3.975516971305734E-6 20.799922756774897 5.716081582892163E-4 0.006776176249786409
880.2662151051578 3.694729423148352E-6 21.543244525169207 -0.0040138506724071155 0.005180709446065024
879.9956260374807 3.25109534968246E-6 22.200978157278968 -0.005948729282495457 0.0015436799456300665
879.7252032739111 2.1363689777153752E-6 22.91218691279636 -0.004468637883870974 -0.0021990380450857827
879.4549466611799 1.5994996526835195E-6 23.890343011822768 -5.812316493433722E-4 -0.004268710264991676
879.1848560462068 2.433819422159743E-6 24.774237039613077 0.003615670695336193 -0.0038923372175529436
878.9149312760993 3.3889396071382557E-6 25.34574450895004 0.006071037741775198 -0.0015548704271743374
878.6451721981527 3.0440442750461343E-6 25.831607692256252 0.0057743155215018716 0.001383360524494337
878.3755786598496 1.87428158163479E-6 26.427726248926856 0.003139086464439056 0.0034410640521477243
878.1061505088599 1.2176342480154576E-6 27.259653686796987 -3.4624946228306586E-4 0.0037370533026172548
877.8368875930403 1.2276739848571535E-6 28.06860840863108 -0.002954207297653777 0.0023378506438981317
877.5677897604338 1.1110235625022587E-6 28.707356793694963 -0.0035811092967156233 1.099886655808735E-4
877.2988568592701 7.021836759613936E-7 29.4195698364269 -0.002211378768483374 -0.001793782912609121
877.0300887379645 5.557691933678599E-7 30.388976221695994 2.026812164934444E-4 -0.002524331336265173
876.7614852451184 7.839307902699152E-7 31.192069162956884 0.0023235769258964367 -0.0019083137535634842
876.493046229518 8.701331813795653E-7 31.737914264084846 0.0031350479103191 -4.473587136333279E-4
876.2247715401354 5.921137905212574E-7 32.277768305840524 0.002407308426975341 0.0010124488295059075
875.9566610261268 3.077715172812331E-7 33.060692088687055 7.151868766080982E-4 0.0017410816282439345
875.6887145368335 2.6712468618660584E-7 34.02347751653234 -9.504498895185343E-4 0.001472997888078531
875.4209319217811 2.825826499876844E-7 34.75032322640369 -0.0017367302830227915 4.8238008027112755E-4
875.1533130306786 1.9214913972801215E-7 35.45412312135473 -0.0013488251796907047 -6.233027470570196E-4
874.8858577134196 1.3937373623170974E-7 36.48384883283386 -1.366077969779944E-4 -0.0012576940692489158
874.6185658200802 2.3487106630635444E-7 37.376513859647474 0.0011598335057434461 -0.001161985027217538
874.3514372009206 3.170252462436068E-7 37.89244614758522 0.0018375516474002929 -5.093339922295215E-4
874.0844717063829 2.255372319902463E-7 38.30657203293692 0.0015912591022420042 2.3030518015404455E-4
873.8176691870929 6.326708983305841E-8 38.905560715218 6.271037414560254E-4 5.757398524564306E-4
873.5510294938575 3.043300838727105E-8 40.75364770703375 -5.029661706907884E-4 3.0891373282346257E-4
873.2845524776668 1.4666141998514334E-7 41.62512003707715 -0.0012293298638454964 -4.0832673329195546E-4
873.0182379896919 2.5193092368218326E-7 42.034347931541504 -0.0012648365443870269 -0.001131734443172494
872.7520858812857 2.1406885377364218E-7 42.39657307497205 -7.203736104623992E-4 -0.0013882653337520257
872.4860960039822 7.857286663552522E-8 42.88275351270862 7.128967358882576E-6 -9.472454440271338E-4
872.2202682094965 2.124321498461883E-8 44.51918036593479 4.910809959004503E-4 3.598993636089176E-5
871.9546023497242 1.2636156413303654E-7 45.56700320768083 5.220015025146907E-4 0.001081130069980396
871.6890982767412 2.3397959767582882E-7 45.88899014306059 2.0819992253096054E-4 0.0016198418242143742
871.423755842804 1.4729047089368556E-7 46.1068631105819 -1.1648197061764343E-4 0.0012901309100074032
871.1585749003482 2.9067996835191673E-9 46.707369885070825 -1.1587709036864347E-4 1.4024281227065227E-4
870.8935553019896 1.722560270565679E-7 49.39305467248771 3.254955340028509E-4 -0.0013616501570639095
870.628696900523 6.481451127707304E-7 49.538174342300664 0.001006399386323631 -0.0025214444153988103
870.3639995489223 8.519403888011507E-7 49.659743531986265 0.0014954186444942064 -0.00272870969228467
