64 64
37.2754659597232 -0.28629910216919274 452.66003003841143
0.0 0.0 0.0 0.0 0.0 0.0 0.0 0.0 0.0 0.0 0.0 0.0 0.0 0.0 0.0 0.0 0.0 0.0 0.0 0.0 0.0 0.0 0.0 0.0 0.0 0.0 0.0 0.0 0.0 0.0 0.0 0.0 0.0 0.0 0.0 0.0 0.0 0.0 0.0 0.0 0.0 0.0 0.0 0.0 0.0 0.0 4.3781369041880794E-5 1.326134369810624E-6 7.451397052589563E-5 1.504871531642584E-4 3.271498497503412E-4 2.815466774808419E-4 1.6757909624466648E-4 1.60472326447702E-4 4.565176182860348E-4 0.0 0.0 0.0 0.0 0.0 0.0 0.0 0.0 0.0 
0.0 0.0 0.0 0.0 0.0 0.0 0.0 1.2623254939041588E-6 0.0 9.591245989284103E-6 1.2674227242883408E-5 0.0 0.0 0.0 5.4540204712145365E-6 6.289915762953914E-5 0.0 0.0 0.0 0.0 0.0 0.0 0.0 0.0 0.0 0.0 0.0 0.0 0.0 0.0 0.0 0.0 0.0 0.0 0.0 0.0 0.0 0.0 0.0 0.0 0.0 0.0 0.0 0.0 0.0 0.0 3.5767649273789115E-4 5.628116782435172E-6 2.1099462075943647E-4 2.6009288823033435E-4 7.637438505400436E-5 2.612687197771314E-4 1.9493076127431786E-5 8.01260844065332E-5 1.3819881712915733E-4 0.0 0.0 0.0 0.0 0.0 0.0 0.0 0.0 0.0 
0.0 3.4628326215844655E-5 1.1001871144461148E-4 0.0 1.1514138319902313E-4 4.1945139094866265E-4 2.330415970930256E-4 8.012602444575582E-5 2.1112791941573328E-5 1.2051194252234964E-4 8.25934644324529E-5 0.0 0.0 0.0 6.274259136786126E-5 6.008447987624616E-5 1.5245302311677356E-4 7.52833886160036E-5 0.0 0.0 0.0 0.0 0.0 0.0 0.0 0.0 0.0 0.0 0.0 0.0 0.0 0.0 0.0 0.0 0.0 0.0 0.0 0.0 0.0 0.0 0.0 0.0 0.0 0.0 0.0 0.0 6.502876774134943E-5 7.38290174739528E-6 5.571159149224118E-5 4.0928423692648743E-4 1.1370248470165649E-4 4.113317836485596E-4 4.794500023492526E-5 6.642981416578982E-5 4.4179055308051906E-4 7.616825751041302E-5 0.0 0.0 0.0 0.0 0.0 0.0 0.0 0.0 
1.669026087762427E-6 1.996415574868538E-4 1.4768556024094697E-4 9.401972374632937E-5 4.8211886061300005E-5 1.2707391760183187E-4 3.5386871092045507E-4 0.0 2.1067332419612509E-4 3.687026906694876E-4 1.332936105797093E-4 0.0 0.0 0.0 4.4032758858780964E-5 1.412593756412339E-5 1.929576965205414E-4 2.7775873364991236E-5 2.8383251707090544E-4 3.076960140643575E-4 3.4408083151582697E-6 0.0 0.0 0.0 0.0 0.0 0.0 0.0 0.0 0.0 0.0 0.0 0.0 0.0 0.0 0.0 0.0 0.0 0.0 0.0 0.0 0.0 0.0 0.0 0.0 0.0 0.0 3.13330490284473E-5 1.642560206400155E-4 9.585263493049283E-5 3.278152515910484E-4 5.020292992834639E-4 3.365072259327915E-5 1.1677995331824981E-4 3.1520656718198026E-4 4.061921927040927E-4 0.0 0.0 0.0 0.0 0.0 0.0 0.0 0.0 
1.3838875485232125E-4 1.453075053135009E-4 1.7054134831493293E-4 8.019243099305978E-5 7.841524764865592E-5 5.543724035478405E-5 2.1218394217850021E-4 0.0 1.0416626442641476E-4 1.0594745884798358E-4 0.0 0.0 0.0 0.0 1.2958250174827625E-4 2.1634106017993156E-4 1.619852204711519E-4 2.489090482587633E-4 2.667860390024457E-4 1.0150376790326358E-5 7.855209870774128E-5 0.0 0.0 0.0 0.0 0.0 0.0 0.0 0.0 0.0 0.0 0.0 0.0 0.0 0.0 0.0 0.0 0.0 0.0 0.0 0.0 0.0 0.0 0.0 0.0 0.0 0.0 0.0 2.266306159610313E-4 1.8231443427087899E-4 4.0848574933278716E-4 4.049867440874294E-4 1.0922074776312373E-4 4.695484366059926E-5 1.581133697193763E-4 9.712187555007E-5 0.0 0.0 0.0 0.0 0.0 0.0 0.0 0.0 
1.7767194211361085E-4 1.0855918665578332E-4 2.0701822885479983E-4 1.8388893188912864E-5 2.120740875669986E-5 2.6423473316257304E-4 1.3020311021239584E-4 2.5861442906032696E-6 1.7389623001638958E-4 2.0969058798151187E-4 0.0 0.0 0.0 0.0 9.72906755464102E-5 2.2278955359283229E-4 4.124092858420591E-5 3.050187649425366E-4 1.1287446193125344E-4 0.0 1.9171137736750027E-4 0.0 0.0 0.0 0.0 0.0 0.0 0.0 0.0 0.0 0.0 0.0 0.0 0.0 0.0 0.0 0.0 0.0 0.0 0.0 0.0 0.0 0.0 0.0 0.0 0.0 0.0 2.091846345859917E-5 1.2105417456105177E-4 3.171306979866231E-4 2.529852328763693E-4 2.5450411612773597E-4 2.724639919054267E-4 2.4298932667164157E-4 2.577476825945863E-4 1.7975939331706E-4 0.0 0.0 0.0 0.0 0.0 0.0 0.0 0.0 
2.0464004199933366E-5 3.377000850889531E-4 8.15222271857111E-5 5.593947811428105E-7 9.116750521291522E-5 2.1172527239461813E-4 9.40192516057924E-5 1.6932739830836333E-4 2.7340271864689434E-4 1.5351398779183807E-6 0.0 4.808133105175194E-5 0.0 1.2681488329768228E-4 3.871418536678686E-5 1.2382092178071612E-4 1.399341924670866E-4 3.310620736831257E-4 6.424778258561954E-5 1.1860049812505344E-4 4.157743001973647E-5 0.0 0.0 0.0 0.0 0.0 0.0 0.0 0.0 0.0 0.0 0.0 0.0 0.0 0.0 0.0 0.0 0.0 0.0 0.0 0.0 0.0 0.0 0.0 0.0 0.0 0.0 8.902308698457574E-5 3.935246941856623E-4 1.7783601108257213E-4 2.790238207442754E-4 7.316032283186055E-5 1.3742873342246478E-4 2.892202974679259E-4 3.382531952452609E-4 1.9655888495181303E-4 0.0 0.0 0.0 0.0 0.0 0.0 0.0 0.0 
7.376886992955946E-5 2.09296266229634E-4 0.0 0.0 8.558414796972062E-5 1.8415929982660515E-4 5.868658986269424E-6 3.288403420589671E-4 3.051803268772203E-4 3.255915115729607E-5 3.5536659679633984E-5 1.077606691298077E-4 2.734047315738859E-5 3.431318119653257E-4 2.906665017843543E-5 1.8065899755992569E-4 5.1775826853108665E-5 6.429771549765177E-5 2.330701367015526E-4 1.6810232080146417E-4 2.0802641136764713E-4 8.901839461286527E-6 0.0 0.0 0.0 0.0 0.0 0.0 0.0 0.0 0.0 0.0 0.0 0.0 0.0 0.0 0.0 0.0 0.0 0.0 0.0 0.0 0.0 0.0 0.0 0.0 0.0 1.10149413168784E-5 2.643699485036258E-4 1.8792845837520934E-4 4.271026354468636E-4 1.0689723216409203E-4 7.2320763227966125E-6 8.447917592940928E-5 1.411782969952497E-4 1.2572498903417833E-4 0.0 0.0 0.0 0.0 0.0 0.0 0.0 0.0 
1.6497609800334112E-4 0.0 0.0 0.0 1.8285098605876461E-4 1.3954814796393367E-4 1.7144173757935473E-4 3.451715603853147E-5 2.741212081745647E-5 1.257156253957515E-4 1.0456521155339851E-4 1.0706077816091871E-4 3.895425984747707E-5 2.1916470256374567E-4 0.0 7.783538361308489E-5 0.0 2.408634120414334E-5 2.237407667128964E-4 5.416349773575796E-6 1.3221704435707364E-4 1.0102771649108548E-4 0.0 0.0 0.0 0.0 0.0 0.0 0.0 0.0 0.0 0.0 0.0 0.0 0.0 0.0 0.0 0.0 0.0 0.0 0.0 0.0 0.0 0.0 0.0 0.0 4.2710151207271885E-5 1.0585048964962857E-4 3.760804184204996E-4 3.041101843712175E-4 6.920207612576873E-4 4.2057980780711214E-4 2.3183657054514996E-4 0.0 7.493824928581293E-5 2.662196233097643E-4 0.0 0.0 0.0 0.0 0.0 0.0 0.0 0.0 
1.8301575212871957E-4 2.0390556543656988E-5 0.0 0.0 4.748814344648639E-5 3.3426055017187254E-4 1.1697017304380991E-5 0.0 2.6628408719050074E-4 2.819181204120137E-5 2.0708469003385545E-5 2.4294951490697126E-4 0.0 1.0453175171379153E-4 0.0 2.0146741837584234E-4 0.0 8.98130641091875E-5 3.1687985828557775E-4 0.0 3.095484740558059E-5 2.835716446633576E-4 0.0 0.0 0.0 0.0 0.0 0.0 0.0 0.0 0.0 0.0 0.0 0.0 0.0 0.0 0.0 0.0 0.0 0.0 0.0 0.0 0.0 0.0 0.0 1.2888209843843146E-5 3.5706757048114065E-4 3.722090001643106E-4 5.939400011660489E-4 2.579841998051702E-4 8.257498133518073E-4 7.12232607185623E-4 4.892818124546364E-4 2.2018740323211244E-4 3.791939020304277E-4 8.2445333898016E-5 0.0 0.0 0.0 0.0 0.0 0.0 0.0 0.0 
2.9482082051046106E-4 2.1230250489709637E-4 2.3095956567590242E-4 0.0 2.581409520552832E-6 6.186929931182887E-4 0.0 0.0 5.6543912400744784E-5 2.183797430877756E-5 6.093384864551535E-5 1.7146368229622227E-4 8.225232914473821E-5 2.422252215015754E-4 1.0007237795549969E-4 3.005095068870334E-4 2.0850448714355452E-5 3.5871143489469697E-4 3.133760194110802E-4 1.496394692674574E-4 1.8224496602306932E-4 9.516137860000437E-5 8.102269698437067E-6 0.0 0.0 0.0 0.0 0.0 0.0 0.0 0.0 0.0 0.0 0.0 0.0 0.0 0.0 0.0 0.0 0.0 0.0 0.0 0.0 0.0 0.0 3.9373853705602495E-4 1.801628145491481E-4 5.243404331534766E-4 7.42370398942694E-4 4.977259444156017E-4 7.4822676541269E-4 9.899362356922238E-4 2.3170350036751068E-4 1.4425985781831507E-4 5.370073445381076E-4 8.671302970115756E-5 0.0 0.0 0.0 0.0 0.0 0.0 0.0 0.0 
2.831589635490459E-4 2.9646173218262956E-4 2.0332737754227996E-4 0.0 1.2548667506381045E-4 2.574953882661724E-4 0.0 1.9192925672480818E-6 1.1922916175408302E-4 9.898576375248674E-5 0.0 4.984384758691782E-5 2.4876258500987147E-4 1.4163670240761184E-4 7.513444426115015E-5 1.0329082467317312E-4 4.0216556938185534E-5 1.587157547020036E-4 1.5389909073347893E-4 4.936355774343785E-6 3.1851724583496473E-4 1.8656350004783126E-4 3.119023290743979E-5 0.0 0.0 0.0 0.0 0.0 0.0 0.0 0.0 0.0 0.0 0.0 0.0 0.0 0.0 0.0 0.0 0.0 0.0 0.0 0.0 0.0 0.0 1.0230475920510277E-4 4.5929021013311447E-4 4.3135826558623395E-4 7.615793789662494E-4 8.263784659544025E-4 9.516078397836196E-4 8.342188158933592E-4 4.6627921560426415E-4 4.278487870012123E-4 3.6739506516484077E-4 1.6948237058005717E-5 0.0 0.0 0.0 0.0 0.0 0.0 0.0 0.0 
1.4821705877003218E-4 2.8233786617606584E-4 5.581172773197913E-5 0.0 2.601177208053566E-4 2.6313792723710403E-4 4.736278005962534E-4 1.274408201314078E-4 1.68440745108562E-4 0.0 9.436409290253464E-5 5.2934586077509825E-5 1.979354736438566E-4 9.366791645646743E-5 1.4828490879698828E-4 0.0 1.2025730750119748E-5 2.2181675880066773E-4 4.952392723351569E-4 3.2808112881077236E-4 1.1941025340335133E-4 3.839281144382419E-5 0.0 0.0 0.0 0.0 0.0 0.0 0.0 0.0 0.0 0.0 0.0 0.0 0.0 0.0 0.0 0.0 0.0 0.0 0.0 0.0 0.0 0.0 1.107552219986263E-4 3.091586352143663E-4 4.042821127948992E-4 3.875660161054662E-4 8.656168558965634E-4 0.0010411521902032974 8.644809023299497E-4 7.826354396376185E-4 7.035545613252079E-4 4.4089201615330083E-4 1.8394530853676558E-4 5.476046943480602E-4 0.0 0.0 0.0 0.0 0.0 0.0 0.0 0.0 
1.8247976233222598E-4 3.9671701437199236E-4 1.1247558085389736E-5 0.0 1.994352223172079E-4 1.1370851357384799E-4 2.0878431689879141E-4 3.563391010605529E-4 0.0 7.458731237238166E-6 2.776626004343612E-4 1.4420850481817974E-4 1.3889688775843405E-4 1.9422627148624056E-4 3.185833623930641E-4 0.0 0.0 2.4710689933691145E-4 5.818607058622969E-4 1.0822847625606259E-5 3.5338090273872495E-4 1.031328806452439E-4 3.3889248320797146E-5 0.0 0.0 0.0 0.0 0.0 0.0 0.0 0.0 0.0 0.0 0.0 0.0 0.0 0.0 0.0 0.0 0.0 0.0 0.0 0.0 0.0 1.7429471406452517E-4 2.8788862293569454E-4 3.236370279479256E-4 8.194597702690158E-4 9.582566313520546E-4 8.194751555481864E-4 0.0014968051237951505 0.0013177758591956794 5.025531270427117E-4 1.340037464359253E-4 6.395059066949197E-4 4.040020929178049E-4 0.0 0.0 0.0 0.0 0.0 0.0 0.0 0.0 
3.6114907324498165E-4 5.060695670863961E-4 1.0184410812710361E-4 7.714899413124677E-6 1.303353779340932E-4 4.703793654808794E-4 1.2040078422910996E-5 0.0 1.1880031864593456E-6 8.558690992174081E-5 8.02303527243087E-6 1.580013275734285E-4 1.7663259794469275E-4 2.1513981637154728E-4 1.5560418911483948E-4 9.66327982645505E-5 3.861806515414814E-4 1.2932598656446772E-4 1.2606222322323094E-4 2.0828815035966514E-4 4.7902106458371006E-4 1.9920018758143692E-4 1.541862177621619E-4 0.0 0.0 0.0 0.0 0.0 0.0 0.0 0.0 0.0 0.0 0.0 0.0 0.0 0.0 0.0 0.0 0.0 0.0 0.0 0.0 0.0 8.40648529394499E-6 1.974754609148945E-4 4.4385871181696154E-4 7.282962402123511E-4 5.00233545974387E-4 0.0010767473933019245 0.002216212572282421 0.0012529113859405193 5.904731909646176E-4 4.088175928369177E-4 6.983566182689529E-4 6.0872885819055215E-5 0.0 0.0 0.0 0.0 0.0 0.0 0.0 0.0 
5.708456703836123E-4 5.55501918425576E-4 6.389456435902187E-5 2.0616450173357797E-4 1.0882913421094364E-4 2.6250180828384686E-4 2.5154890003382485E-4 0.0 1.133185505243467E-5 2.4378204080058297E-4 2.360746305716803E-5 1.187514039382492E-4 2.0730709725530385E-4 4.745750246165309E-4 3.6918859006133E-5 4.0117961568695583E-4 3.5795567050174535E-4 5.048472381781829E-4 4.0975010036539597E-4 3.6122949863094504E-4 3.84076047593687E-4 5.9606184505863805E-5 9.133973874648144E-5 7.293509647472647E-5 0.0 8.476655412424564E-5 0.0 0.0 0.0 0.0 0.0 0.0 0.0 0.0 0.0 0.0 0.0 0.0 0.0 0.0 0.0 0.0 0.0 0.0 0.0 1.261297762028839E-5 1.8349145136821096E-4 3.0493010502333434E-4 6.28482728149997E-4 0.0013632068568586715 0.0015404984994488637 0.001001607871705208 0.0010425835597177111 7.519907612604531E-4 3.753175649420292E-4 6.959245327543275E-5 0.0 0.0 0.0 0.0 0.0 0.0 0.0 0.0 
4.3086565990398107E-4 3.903426700355955E-4 6.814948131974325E-7 1.097509051100455E-4 2.3652489855554072E-5 3.62295797315845E-5 2.2356890037404043E-4 0.0 1.3418061682995335E-5 1.0293564293264801E-4 4.969799118218323E-5 2.205408962715737E-4 4.2142387629909197E-4 4.2664334839194495E-4 1.4981708735261622E-4 6.479304640709099E-4 2.8516355987637487E-4 6.136411984746505E-4 5.351019402437704E-4 6.908384055398306E-4 3.8972564484412737E-4 7.517362876125993E-6 8.398356144989863E-5 2.592028682715137E-4 1.5294579741193906E-4 3.77570825382522E-4 5.979235220521152E-4 4.954525749835249E-4 4.346548279089223E-4 2.0164626981571053E-4 1.1468372867112746E-4 3.2766508211094665E-5 0.0 0.0 0.0 0.0 0.0 0.0 0.0 1.0320873680080946E-4 1.7872045561091648E-4 5.777729662528802E-4 8.225309126912791E-4 3.285700733800105E-4 0.0 3.9613553417370347E-4 4.9157215001689836E-5 5.513079724131296E-4 6.611272416305006E-4 8.737742207709668E-4 0.0014161257811012317 0.0016250816561413628 0.0014019681621032392 5.724273671131487E-4 2.1695297216742964E-4 1.0225774729509058E-4 0.0 0.0 0.0 0.0 0.0 0.0 0.0 0.0 
2.8082439978906356E-4 2.7756925986040275E-4 1.8574911710796558E-4 9.515342414591835E-6 0.0 8.035837965563587E-5 1.4082562771860981E-5 5.321582619708468E-6 1.2955962290327826E-4 4.698718533439689E-4 1.6355791982871685E-4 3.5130460510393645E-4 3.341209686896176E-4 3.428392378651088E-4 2.4448311426368395E-4 6.060360730426956E-4 2.605975018389769E-4 3.3463553926722556E-4 5.509804341456102E-4 1.9000220730937392E-4 4.699365387788408E-4 6.166468433450022E-5 3.9674847067521434E-4 4.155168780220854E-4 9.869453736651762E-4 0.0014003062118435863 0.0022274841109022506 0.0023388690330246494 0.0020122921050062864 0.001959844958433105 8.8336779360001E-4 8.297630627424319E-4 3.0077739943468656E-5 1.877226850135752E-4 4.6588548734810233E-4 4.276120842534461E-4 2.9226818889154915E-4 3.0760711911996676E-4 3.149889167377138E-4 4.860667073062918E-4 7.752048529873836E-4 0.0017178167983697339 0.0017872917368670952 0.0010595984482023612 8.608567288327898E-4 4.430699332839571E-4 4.5000703714257465E-4 2.212406340545688E-4 4.1351458406822686E-4 6.59990013550546E-4 0.0016903946539063186 0.0014504008560927205 6.166899422548208E-4 4.093516323637279E-4 4.277277953610611E-4 5.752645991251864E-4 0.0 0.0 0.0 0.0 0.0 0.0 0.0 0.0 
1.8437348725395335E-4 3.162621769305492E-4 1.3474487924574548E-4 0.0 9.302624299206808E-5 1.3292228232862806E-5 1.0923227127215396E-4 3.3858676899327546E-4 4.290608576000162E-5 5.825179476177209E-4 6.191616042379909E-5 3.6836381191469484E-4 5.130434753983221E-4 4.1011513828659464E-4 4.516474535940762E-4 6.975558985062662E-4 5.543194888584997E-4 1.8168857012672434E-4 8.974724972280385E-4 2.4113429728320977E-4 3.2040557777352765E-4 1.2350670925745876E-4 5.146497467866781E-4 0.0012152574840301007 0.002821906208101067 0.00402262173817446 0.0053497082766838806 0.005700998067150901 0.005694270293306097 0.005458355887234126 0.0037041880811723477 0.0027255279712371746 0.0029578647906163573 0.0030362698003762547 0.0038129802051728606 0.002961636963986631 0.002398005779581882 0.0020516239111378473 0.0018765726498887571 0.0018483677283234515 0.002513235310879206 0.0028668986187640262 0.002809709594241174 0.00361754630491818 0.002667823251088523 8.294681323219954E-4 6.463823431614944E-4 1.5403473269116536E-4 5.502397470789811E-4 6.573556877972531E-4 9.594290094334012E-4 3.695851590312628E-4 3.2589129104807304E-4 0.0010104598040453752 8.55742192630288E-4 5.26807990107772E-4 0.0 0.0 0.0 0.0 0.0 0.0 0.0 0.0 
1.9422534645175134E-4 3.607742890643282E-4 9.95089194599178E-5 2.116379546859536E-4 4.1205120494970714E-4 1.3061793899278432E-4 7.452629594796438E-6 5.435954992098311E-5 2.9345313878563885E-4 4.1291902657572527E-4 3.6554780944772163E-5 5.691160674210446E-4 7.767354194389888E-4 4.960796887688643E-4 3.481442054481553E-4 4.8729112685510215E-4 4.356064718220351E-4 1.4964409299580164E-4 4.674983307065389E-4 3.7962088509124156E-4 8.893363718738851E-4 7.979672362107516E-4 0.0016350541798851655 0.0036444928709619996 0.005953162071445576 0.008759903974873966 0.010939305326751777 0.01365761125575539 0.014431434114516063 0.015450282814573573 0.015587103396260486 0.01536864125131369 0.014948902947308659 0.012299606077954658 0.01141284676736448 0.010452349583915142 0.009584166847243513 0.007857835084195528 0.007011838813704939 0.005615450427744068 0.005032647902952805 0.0046340002911167 0.004860515835285245 0.0042589703705399285 0.003046804747210201 0.0022799333844733013 0.0018615665399193489 8.373498298005276E-4 6.242099527978905E-4 1.7110510116724844E-4 4.0733753177669697E-4 5.484326857442301E-4 6.323857533813356E-4 0.0011228166395764799 6.928027821068304E-4 8.638204802313324E-5 0.0 0.0 0.0 0.0 0.0 0.0 0.0 0.0 
2.9705199060853314E-4 2.8837403614996804E-4 5.366143784233878E-5 1.3137756840240738E-4 1.1037629609788352E-4 3.387374627845289E-5 7.017401638026231E-5 2.2978310285789715E-4 2.5828434589250193E-4 7.720098676411828E-4 1.3196636063491529E-4 4.4887846265213833E-4 9.491442229743812E-4 9.254586351184052E-4 5.239300418824444E-4 5.655111686209619E-4 9.46351655952852E-5 2.8812990256300494E-4 4.973542800434723E-4 4.353481653771904E-4 0.001340512735045975 0.003742361686989563 0.0046266399618359036 0.008743685666069862 0.012063304318173247 0.017343472824127324 0.021816917793997852 0.028808308238609755 0.032996060068214594 0.03947171647122215 0.039656382337358895 0.04136518727290336 0.037080450787718815 0.03269332402869787 0.03262369248382075 0.029472946429303915 0.025701490723863317 0.02183840949733142 0.017829473670437707 0.013302102388127379 0.010554241034835292 0.00805592770675149 0.005362545658129643 0.0036862595252008194 0.004241493754453415 0.005586927525080271 0.0032094446819237133 0.0011501579871894343 6.829839374985139E-4 7.900911062030001E-4 7.946680100466955E-4 9.8084718178366E-4 3.0650141380503384E-4 4.61675114831066E-4 4.0505113416667557E-4 1.8302793636260065E-4 0.0 0.0 0.0 0.0 0.0 0.0 0.0 0.0 
1.2440676375163835E-4 1.6406836451909952E-4 1.2043152299337744E-5 1.722316999280503E-5 0.0 2.070472825201673E-4 2.496818443478044E-4 8.163611097277683E-5 3.193334358307318E-5 9.504675943350262E-4 4.967759743017304E-4 6.852021116718563E-4 9.044648816096434E-4 7.208976744599786E-4 4.5325088673644256E-4 7.183248101823681E-4 2.2285583407473047E-4 4.2176477110114185E-4 9.521360302765008E-4 0.0014153534637170383 0.003717380527284322 0.0077644535098462955 0.01044852612650267 0.016759791864283384 0.025152788313901924 0.03554757100231584 0.04686078451114915 0.056069652941322 0.06192359836883495 0.07459775627908898 0.07348762534898569 0.0781299545207064 0.08350731138805524 0.0760454555627038 0.07293676238316384 0.06641745868119704 0.05341292156335892 0.04465871611564898 0.03718159467645767 0.028522225226551998 0.020873310513903415 0.014471795179143121 0.008266075670253569 0.006281567964302831 0.005545748977233268 0.0034747681400438524 0.002482756733067291 0.0025223754271051346 0.002192144525500215 0.0016223220995726505 0.0011255361084892346 5.898291641961129E-4 1.6277184478955234E-5 4.2677415883476017E-4 7.933296294012897E-4 6.535253427067422E-4 0.0 0.0 0.0 0.0 0.0 0.0 0.0 0.0 
1.4256298883706921E-4 1.2045444422322419E-4 3.0230002641433066E-4 0.0 1.1215135848973222E-4 2.765961906521819E-4 7.471260599473925E-5 9.606229502131902E-5 3.2529585867845725E-4 8.435125984519806E-4 4.7611541584428706E-4 0.00124456960674203 0.0010462418715352416 6.958012155628911E-4 5.043770294362237E-4 4.465296410440976E-4 1.2529574455863728E-4 9.725759683463121E-4 0.0022830748775614527 0.00621312632940517 0.009854873808465975 0.014765364305365358 0.019067003810869777 0.029446138283368426 0.04478497621712386 0.06055284136593584 0.07951068299677001 0.09471068814298537 0.10879881000361971 0.1192728632146601 0.1235370178861483 0.1391092376433509 0.15317767542958174 0.14686226399805744 0.14281148406505068 0.13320972284148228 0.1025429594135991 0.08374322252386024 0.0683434771174611 0.053860363013593836 0.039808517108149095 0.02606425194698651 0.01700199607568557 0.01158250158087224 0.005554225930523446 0.002945064455850042 0.003926080192063509 0.004574423331008516 0.0028187346197726753 0.0012918068647243893 0.0011890858821690467 0.0011967473877531351 8.022277888357755E-4 0.0011343639756582037 0.0013001737406695556 6.976264656866195E-4 0.0 0.0 0.0 0.0 0.0 0.0 0.0 0.0 
2.942690238923249E-4 3.034296896625874E-4 3.0951912341593927E-4 7.675064586460971E-6 2.1881949797827277E-4 6.525788437924248E-4 4.6164594591234124E-4 0.0 2.506875614467254E-4 4.977329619981475E-4 1.707451894229159E-4 0.0012878214025893219 0.001106113818052273 0.0010344945881574916 6.570292936156083E-4 0.0010477549819595637 0.001060313791354918 0.002664501355797467 0.004676066805254027 0.010142539990959303 0.01588293661211549 0.021023947945210394 0.02768318473426723 0.04391191522709045 0.0675077207478249 0.08960765509999091 0.119147481973928 0.15051863322987327 0.17941004711464525 0.2042788180630177 0.22434866263107792 0.23749015161965897 0.23991280515948404 0.24712808702700376 0.23460208672593486 0.22082824320421898 0.1850091872706913 0.1483037840225425 0.11904174704658899 0.09061264330555044 0.06859431673344049 0.050448181542972335 0.0354507154089295 0.02145166619338088 0.0085404110946493 0.006126575967720811 0.004946537056057025 0.0026263458187253345 0.0015598894189444012 0.002099503738167752 0.003059171548497598 0.002659032478798698 0.0010469265857139208 8.837490662762478E-4 7.311726803658387E-4 4.040599326351346E-4 0.0 0.0 0.0 0.0 0.0 0.0 0.0 0.0 
5.178977180909827E-4 4.410739449707173E-4 3.995926002477669E-4 5.433331696488215E-5 1.400529307774555E-4 2.1356071597669856E-4 1.2848426056954605E-4 7.031695829925849E-6 5.755207975283526E-4 8.32817753629999E-4 3.698544129724885E-4 6.82881471971447E-4 4.419947967390311E-4 9.216803000539096E-4 5.435927045559072E-4 0.0017324165075824744 0.0043073011936869375 0.008413541578506586 0.011641940644412414 0.01416359454164905 0.020201920433359968 0.03165879546664767 0.046430073417600984 0.0698076584593797 0.10472548105151407 0.13629930870366205 0.1763157172245914 0.23082365398590926 0.2755486654042456 0.31753419351195256 0.3553584027302365 0.39825379800918176 0.4154787876157075 0.40129021807552967 0.3523059007267609 0.3149950370011717 0.2783828318286161 0.22585724005493152 0.1858274905301773 0.13462216474168429 0.09338238033807388 0.07037161429673197 0.04443372214115852 0.026762586826155652 0.016976409689034307 0.012453664259616542 0.005159497752825575 0.001697316101388527 0.0023834306440233925 0.0036323098726322844 0.0036235884833886872 0.002030752795328569 3.492278903964619E-4 5.239893737268732E-4 2.9966958277982664E-4 1.265499398324791E-4 0.0 0.0 0.0 0.0 0.0 0.0 0.0 0.0 
5.024183083622085E-4 3.071922998806863E-4 4.3686417734427866E-4 1.2359158946523863E-4 5.482669158791762E-5 1.3896160645945947E-4 3.0726888712548595E-4 4.469662663436577E-4 6.654531827501169E-4 8.711709228086879E-4 0.0011120528986056045 0.0010362906531851085 9.654963796826279E-4 0.0017124650539206766 0.0018120726468628845 0.0031979165008160873 0.00751108450042832 0.012429263898291647 0.01832366278653628 0.02143588763744987 0.028194228488375786 0.04863673584237655 0.07598309452797768 0.10628573164009399 0.1432331098219429 0.18323054199912306 0.23280666148675694 0.3018662567359274 0.34854906248935047 0.39950381896762593 0.43728972057688814 0.48646782301832725 0.5079269262668705 0.4806692014186279 0.4404277150527817 0.399507319877473 0.3596411050733042 0.29778992368091656 0.2405288023201985 0.17899074362421336 0.12897671032184155 0.09050582810156209 0.06048915914846297 0.04529729054531219 0.03298320803698079 0.018321198129526754 0.006746697612873753 0.0030089286920289104 0.0033645179674282777 0.002524996846789963 0.0013900808168824863 0.001019585723984727 9.600442722468689E-4 0.001657587500464591 9.047765276114899E-4 7.422718301348542E-4 0.0 0.0 0.0 0.0 0.0 0.0 0.0 0.0 
4.630768296383416E-4 1.9496326092590516E-4 3.5764344957940923E-4 4.5765713305445844E-5 4.3507500620992184E-4 3.500270420627573E-4 2.9875712253403476E-4 3.997994942306337E-5 2.3092803868024687E-4 4.18090322990443E-4 0.0011267662218451048 0.001225482257357358 0.0017093985324421078 0.003350227398397542 0.0053297682675755645 0.007472183477579622 0.01030869103924365 0.012594372856337764 0.016893235005889247 0.02752309117164041 0.03856561945634272 0.060015145144737006 0.0934478589901833 0.12803968708212035 0.16420581714159296 0.21190102895483426 0.27286371127697895 0.34883836896319154 0.39748459488677435 0.46664678813138216 0.5179979882228951 0.5267114470244105 0.5148046193845124 0.5374691600968327 0.5205210015667304 0.47924456256137693 0.4273516195264196 0.3547462097416112 0.2864792274990091 0.22743319671078197 0.1658404816475381 0.11270713399612703 0.08208718182132119 0.06390287569166053 0.04415376031940684 0.02339470919339998 0.012007031850634366 0.007201598415028636 0.003643095324195759 0.0011154531168842195 0.0013443885728574318 0.0027643935031090535 0.003629960877382432 0.002939437919034318 0.0013532990414362863 0.001007426367342324 0.0 0.0 0.0 0.0 0.0 0.0 0.0 0.0 
4.516972141361104E-4 2.967877441480441E-4 1.4081548475633574E-4 7.961655534036544E-7 1.2213679596857988E-4 7.222752019726733E-5 1.814132174659747E-4 3.433060649833086E-6 2.626827077374111E-4 6.305440004695483E-4 5.785751464846427E-4 9.08118725691355E-4 0.0013182632266588224 0.0029160373695497105 0.006055193415087091 0.009296209531411751 0.011545406341387787 0.011370638656367645 0.015440411998802682 0.028849563854651608 0.049235204305567326 0.07152851328788115 0.10335063958537011 0.1329627217360714 0.17980058185960998 0.24020767107322324 0.3065398479320122 0.38905911333979654 0.44760534275219993 0.5149489521048369 0.5860714562005841 0.6319975865640161 0.6504269863945917 0.6545892413941252 0.6056401467936433 0.5544989215591237 0.5121120997994805 0.4304356046948742 0.35887159223323456 0.2814002344900326 0.21446874037812655 0.15177374970807703 0.1103722425784745 0.07067886790375666 0.04314585702671473 0.027251538943484567 0.021658603641869056 0.013005200923635295 0.0038853059298777403 9.836624329487107E-4 0.002165609625578522 0.003277605497004252 0.0028724849924843415 0.0013354884965039338 8.899262399781349E-4 2.740338839009016E-4 0.0 0.0 0.0 0.0 0.0 0.0 0.0 0.0 
2.054548268294062E-4 2.97055698628809E-4 6.895483422082191E-6 9.875080899598723E-5 8.510724979285675E-5 1.1912630922616262E-4 2.5841626114335626E-4 2.2226649582932838E-4 6.951974141667378E-4 5.460947761158194E-4 7.142900352909235E-4 0.0011655876109459542 0.0016111509766683024 0.00244011178602231 0.004175310263541373 0.006064251928948847 0.008136141590054637 0.010521371900567126 0.018069336621969977 0.03357436601920606 0.05386802718642461 0.07971701695512007 0.11083936377586398 0.14610384041046376 0.1977740560994357 0.27522676956626985 0.35312109515041973 0.444165172080668 0.5345519303282464 0.6113654556984918 0.6894044206295797 0.8005581649317629 0.8399577037665691 0.8141196865337137 0.7577357842337065 0.6815616195201915 0.6254955897224876 0.5268230324520907 0.45702327001665866 0.3442522411309279 0.27396871111590543 0.20716470064397174 0.14621705289957473 0.08559944655261183 0.05643755620174055 0.040748422402921064 0.028892864899970706 0.015053926832844688 0.004465936391560861 0.001693427244749708 0.0017888375325425697 0.0014948856144599376 8.641733855102729E-4 5.805947012360351E-4 5.827045904494857E-4 5.222714576253535E-4 0.0 0.0 0.0 0.0 0.0 0.0 0.0 0.0 
7.964789690236465E-5 1.2650053825422747E-4 2.1702796772918046E-4 5.85039945413673E-5 2.43736025525968E-5 4.5629675903825914E-4 1.687495578977972E-5 2.8417383566565444E-4 6.571944690467187E-4 8.623626829424872E-4 0.001332453990885278 0.002638435895201079 0.003738537873937909 0.004916684764705147 0.004732900247263859 0.004304342330770226 0.006327678712440992 0.01341114730847993 0.027507412489425294 0.04202280523226938 0.06295862239586801 0.08665161221505832 0.12479550943147377 0.17789375371029964 0.237579517412687 0.3116586298860855 0.40759835202290823 0.49473078128005815 0.5945564060716952 0.6897919212537698 0.7811694084023388 0.842689663600207 0.8678823452244318 0.880598779304968 0.8611465685723969 0.8036068173023307 0.7205952911094706 0.6064740493119242 0.5234654586520977 0.3976853812499453 0.326878036586473 0.2398742419329731 0.16307384539424094 0.0996797758783526 0.06535910474143318 0.03836195849255431 0.02075883048429915 0.011792817036927774 0.007911131628556299 0.00634850050206931 0.00405356067919593 0.0017077303455750826 8.123618774813847E-4 4.686140471612776E-4 8.791739148918544E-4 9.181584947607663E-4 0.0 0.0 0.0 0.0 0.0 0.0 0.0 0.0 
2.3476107981189204E-4 7.997423626200707E-5 1.338026145207932E-4 1.6360558429874273E-4 5.228482761780644E-4 2.2791162619503655E-4 8.278230703024138E-5 4.985574691000551E-4 3.400497094967577E-4 9.564355968006531E-4 0.0013332119162424048 0.002908763949658011 0.004373789220411422 0.006007308955491042 0.00547101475422422 0.004711732339330565 0.006279518099734989 0.015975882398240247 0.03237758757850123 0.04780703731257971 0.06439810132505237 0.08839695452873356 0.1327500002697054 0.1984254004047115 0.268476741822895 0.3399696981425196 0.4424143234481784 0.5284685596169499 0.6430096223625381 0.7332505669684474 0.8306120954595513 0.8478843125144327 0.9178067028972082 0.8953055406655923 0.8827885413908025 0.8690313493411423 0.7751722446882537 0.6541637235176213 0.5414348647963613 0.4223326246799495 0.3405019767470555 0.2487765132358965 0.18063146767776384 0.12259331740078641 0.0795057277171235 0.03868906161518347 0.016999536806649975 0.013452241779035186 0.014635475858713535 0.012143123267469039 0.006957548577513314 0.0024325076002872145 0.0011415497141845973 4.784610984322824E-4 8.478336437443332E-4 8.532240410775791E-4 0.0 0.0 0.0 0.0 0.0 0.0 0.0 0.0 
4.4592994195041553E-4 4.6899814183300484E-5 3.1338938032307535E-4 2.5846820447263764E-4 3.0936129718528275E-4 1.2103267600211318E-4 1.080029994897695E-4 2.6252176525299436E-6 4.1522080629605493E-4 5.134654950416004E-4 5.791634492398278E-4 0.0015927853602099604 0.002327692593235787 0.003523159958294637 0.004023043744268301 0.005250364101254666 0.008781731892413562 0.015397915742262404 0.025482554606429886 0.03796178824628893 0.0575935626229409 0.08970094142452684 0.13724154542242198 0.20371717527001287 0.2787329719251571 0.36614494467590886 0.4540664482252546 0.5604145813649591 0.6751068406801641 0.7649277543097883 0.878594038448241 0.9179540641959588 0.9771843109221819 0.9662180759840091 0.9095437371782367 0.8762217205172596 0.8005670903756009 0.6935498564754686 0.5712207439641951 0.4547509918902404 0.3535876457527279 0.2569218130704093 0.19234060187024019 0.13090401013436476 0.08251231046336999 0.043845761326492386 0.022701300246683504 0.016034523467559323 0.013058323013018824 0.008985407429478103 0.004783260307970006 0.0014116174124595877 7.099540389453011E-4 4.1741777131035793E-4 2.9729140129487194E-4 1.463384412561652E-4 0.0 0.0 0.0 0.0 0.0 0.0 0.0 0.0 
4.248791251711324E-4 2.0340186166693537E-4 4.179929869852822E-4 1.3302140683627486E-4 1.2917304531933444E-4 1.1892691888338367E-4 3.180040795377831E-4 1.7417953078599876E-4 2.2294045824421536E-4 0.0010206018276586787 0.001204367329723719 0.001580637549218803 0.001281656450246589 0.0021151144250758937 0.004834955361296867 0.01049647026051058 0.016300671881063124 0.020489193481817103 0.02234257930971275 0.02963626520976963 0.05385703500795279 0.09612965376321991 0.1451662485136432 0.21086797592233214 0.28353312408668696 0.3867281335268754 0.4634539354918066 0.57552395965688 0.6831871120889391 0.7601053032220916 0.8532881420016829 0.9775230029873615 1.0 0.9755051501253524 0.944620051867137 0.876513443868665 0.8318208016457617 0.7286425715228505 0.6033081592536701 0.48688884882058914 0.3812928288351815 0.2823965119790217 0.19881588497689648 0.1252939000107187 0.08157556511926689 0.05388123210139946 0.03560338161539803 0.02057383406383717 0.008283718852878626 0.0025938419976185663 0.001927416104088578 0.0018086848949768078 0.0017561466574049299 0.001125456016872444 3.837730721684295E-4 5.7991765419187803E-5 0.0 0.0 0.0 0.0 0.0 0.0 0.0 0.0 
5.54956207540205E-4 3.4723662110940133E-4 1.3858277849116627E-4 2.1177456446915194E-4 1.8027284931306802E-4 8.472446676162677E-5 4.460682174785316E-4 4.956882070031515E-4 5.899136989364323E-4 0.0015769927075456288 0.0019385241827436926 0.0018249008142369337 0.0013302117443467123 0.0022964498884710076 0.005798451231755262 0.012043333653527057 0.01789026837088212 0.020372054674693132 0.021371160529975498 0.029102997909473623 0.05190644031850678 0.0917057769907723 0.14311217006174887 0.2072598301855154 0.2800629560332283 0.3808460275702302 0.45986654581461617 0.574131350273383 0.6916744265517238 0.7929543331692259 0.840583887325186 0.9234298162853946 0.949998240878644 0.9565121548548501 0.9535672957598841 0.8989988577943306 0.8200176288553519 0.7035873978203038 0.5886726550550507 0.4645710901108065 0.37014790219765864 0.27386900101384215 0.18877668867112304 0.1126911198073498 0.07158406021272477 0.05579276522598166 0.04298972001039589 0.026242279791846398 0.0092522201036475 0.0021167211137935 0.0020962559663156087 0.003552566543287394 0.00379709808361276 0.0029483641924376953 0.0014689763794248484 2.484160400509944E-4 0.0 0.0 0.0 0.0 0.0 0.0 0.0 0.0 
5.20525835824125E-4 3.8511976994630746E-4 1.0876978183954317E-4 8.216965364111964E-5 2.5083475988437235E-4 5.829785719897104E-4 4.932226158309216E-4 0.001073416452694863 0.001044545482831539 0.001229541656868305 0.0012049935112931347 0.0013225042824771144 0.0010461638120932357 0.002010221797841988 0.004938128294292898 0.008266301705508898 0.011567207870210998 0.016782739298276946 0.024523315357275387 0.041570848696558554 0.06230999548130095 0.09073614261452918 0.13848281887251215 0.20505494583292733 0.2705509119052442 0.3616076727509997 0.4480457986873084 0.5556358883113528 0.6614868582892772 0.7683781523660306 0.8174418075070158 0.9130546447260315 0.9096355218889914 0.9393776742072177 0.8917072597455917 0.8337559535283344 0.7646121130302255 0.6516171128012416 0.5440854126763541 0.42477382246481743 0.33557822574117635 0.2430523076874702 0.16524678498361006 0.11106512743986997 0.0761155776054621 0.051225506193558465 0.03374426983134746 0.019633192251793757 0.008162248819030491 0.002236144708268374 0.0018567873068440022 0.002465990069627766 0.002620274075046746 0.002214789533459487 0.0013200000361346948 5.737949536364918E-4 0.0 0.0 0.0 0.0 0.0 0.0 0.0 0.0 
3.9306953459779584E-4 3.244196742697825E-4 7.14757710820876E-5 2.1700625070056675E-4 2.2094840269247987E-4 3.137803969899931E-4 1.9203335906549073E-4 3.2404641817304495E-4 1.1405240404914565E-4 4.4276493510956823E-4 4.8580320564087616E-4 0.0011746447605566197 0.0023930763886796974 0.003982197858417731 0.0058050738783829445 0.005658282856545338 0.006922915472826714 0.014408330530191542 0.029988686638810456 0.04675066472983316 0.06590800907557344 0.08990363927894716 0.130087449610865 0.18902743979677109 0.24715569636439574 0.33730083846410713 0.4293233293053266 0.5168832413645388 0.6160106553421079 0.728244294346623 0.7959920922476191 0.8882333751512846 0.9099925610926419 0.8616373354738245 0.7767751056222113 0.7313985879269722 0.6706389887826393 0.5728561618661909 0.47553684632220156 0.3715213614616709 0.28738865099070565 0.20207649467032046 0.13988856481236384 0.10326751812420777 0.07355209775553456 0.042285090924801386 0.021548512785511637 0.010054737697639395 0.006639617898999352 0.004548539128562806 0.0037412320286561527 0.0015128269236136778 8.41260679588609E-4 7.055182686000087E-4 5.262917432550804E-4 1.105739663829337E-4 0.0 0.0 0.0 0.0 0.0 0.0 0.0 0.0 
2.4712763407798487E-4 3.5622192776092255E-4 3.6152997116622223E-4 9.453744904589504E-5 4.379629565284138E-4 1.898049300138913E-4 3.915924149074502E-4 4.191536852372013E-4 2.652639116319318E-4 7.401613094960941E-4 0.001208025487533603 0.00239601658348988 0.004601740777170662 0.006078688009387953 0.00614213632175536 0.004495969001425978 0.005866690380734507 0.013834742688836674 0.026767132062105622 0.03934009709581761 0.06048214054524134 0.08858293095434497 0.11754290999509276 0.16555083606171364 0.21155933753095513 0.2875511271645666 0.37384574768071976 0.45542011431016033 0.5266699008577602 0.6120488935436952 0.6746304656719997 0.6894753539311989 0.7536019301398799 0.769163051121965 0.7014853258731804 0.6404792336120277 0.5616678389543257 0.48180989689066683 0.3901730935147742 0.3029885255795813 0.23844209499833818 0.1669618471891446 0.1195097102744747 0.0876463794237697 0.06368659276825168 0.0359317472506272 0.01654896061539887 0.007609743896319213 0.007986687771835045 0.008018859985068962 0.00756462809585939 0.0036741190437058814 0.0013424784132277396 6.801179633629819E-4 4.983300285366497E-4 1.1725401575612336E-4 0.0 0.0 0.0 0.0 0.0 0.0 0.0 0.0 
3.818661905439436E-5 4.560230726280019E-4 5.85779627156987E-4 2.7808544374239707E-7 2.5036553451454017E-4 2.631170348651782E-4 4.011849681584988E-4 2.2089569324968973E-4 4.621003070876033E-4 9.406195081591137E-4 0.0018436458250244605 0.003180868401028846 0.003919301287708219 0.004097780758719415 0.0037910544235709763 0.00453749092779938 0.007231353034294262 0.011655197377879858 0.017919279105141267 0.03004393825529705 0.05166945993258889 0.081331076996097 0.10154390938465971 0.13825983675920317 0.17893175264787015 0.23433078710142438 0.302764620187386 0.38044534605435915 0.440639789937917 0.5035778247014803 0.5569022198658923 0.5658437012024544 0.5777017798293534 0.6141606989118943 0.6137621530388643 0.5608325628055951 0.49828585138105186 0.43002156507540634 0.3215600937081263 0.27287796813130755 0.20841313502030898 0.16005842205805482 0.11673460633948324 0.07236229090785604 0.045215133760746595 0.027247896374129367 0.016347224541270973 0.010134776513232885 0.007039844323827774 0.005971681186126329 0.0060754891824709965 0.003850182127001088 0.001365206063006596 0.0014075054670167014 0.0010241599207376894 7.579845805287875E-4 0.0 0.0 0.0 0.0 0.0 0.0 0.0 0.0 
2.108654052631555E-4 3.8587585300083087E-4 3.9322286918126866E-4 0.0 2.916145137792605E-4 2.342228027465081E-4 5.81138703350496E-4 2.844478318574316E-4 3.9566319513636907E-4 9.162304226235617E-4 0.001064564276605049 0.0013319496014407772 0.0012072003894084194 0.0022776731075703715 0.0037867608800412024 0.007773593656502673 0.010525395768598721 0.011139454020627843 0.014062529983335547 0.024652008128981114 0.0411234192118119 0.0631220248386798 0.0866211391494868 0.11845644285426485 0.15009054846787334 0.19152499454572822 0.24457400546109753 0.298845573229361 0.35141991637262293 0.40921276195880096 0.47714230139761876 0.533466734601189 0.5211849952587134 0.5270617056690738 0.5199867470561353 0.468152541647722 0.42493177401196636 0.3671410564083395 0.24750113133712598 0.2365109793138785 0.17528385136959557 0.12706579524247336 0.09301404414427167 0.054795860514120776 0.027746717564981604 0.01719685055072975 0.014631881268118705 0.012603976643832874 0.008682606929247357 0.0037790015208694285 0.0020500669070675965 0.001577810541482064 5.387430581675104E-4 7.936409531452384E-4 6.200271499332239E-4 7.639865181369401E-4 0.0 0.0 0.0 0.0 0.0 0.0 0.0 0.0 
4.6916369661193836E-4 2.667353858991333E-4 3.0239794147154004E-4 3.192284784061879E-5 4.796901002341891E-4 5.055661621297194E-4 1.0940527889605264E-4 2.5595633780357773E-5 8.39457313238388E-5 3.3927238069189717E-4 4.686015713314521E-4 6.294017623511159E-4 0.0012291509171396613 0.002931409883871497 0.0051849700295456365 0.008250380013065993 0.009670144909428788 0.010127134320003716 0.014285444382155588 0.020540799606605258 0.030135531825271747 0.04488200052063186 0.06858856289374629 0.09410435656812387 0.12174371312269525 0.15251906820745526 0.19802638727891356 0.23901334380607667 0.27732789764054616 0.30893812583685404 0.3563893114865657 0.4215693441233804 0.4120116718548303 0.3964269598325819 0.40374393258633 0.35221660853060527 0.3220933465743643 0.26857077820220904 0.18936453980219034 0.18511837293867667 0.145788068039917 0.09761765948438832 0.06649730932879777 0.04086193518669943 0.026188421831233114 0.016490204921514564 0.012806949174951784 0.011580977332861446 0.008829735115238784 0.004487254024114229 0.0015940880373937003 9.653703277039999E-4 4.996046620255755E-4 4.957953547288534E-4 3.396253408848781E-4 3.1450557634314245E-4 0.0 0.0 0.0 0.0 0.0 0.0 0.0 0.0 
4.610807240965249E-4 3.0126668098674704E-4 3.237099307684712E-4 1.3812448879210014E-5 4.753640334543804E-4 3.7003875110189406E-4 2.643491505353856E-4 3.7926494016553096E-4 2.2614096250472043E-4 6.106805920579551E-4 8.693083330696571E-4 0.001085462121722097 0.001480039574047577 0.002272262879336444 0.0031107599084980874 0.004083371717773354 0.006184770181350468 0.010551896933611665 0.015206497847221877 0.01684959651468367 0.02157077799606613 0.03318190551109957 0.05038842951248597 0.07099828608803825 0.0983317280768141 0.12000486374877518 0.15496041338088545 0.18940873332958408 0.21185542806801647 0.23414899179549578 0.2542473946533458 0.2872105028813382 0.2821077306994583 0.28933545125783594 0.2975745206263566 0.2771811779593403 0.25146797451073594 0.20109316418839793 0.16682853431798328 0.1454545057717403 0.11625871528487096 0.0776205511191633 0.051013106637749175 0.033110897023704455 0.026338363181266162 0.0210531054464076 0.011663745345374286 0.005921311126027901 0.003729783746701439 0.002627169320148875 0.0015874122451217303 9.753380975973067E-4 7.478989806927942E-4 8.791387555172343E-4 5.722155893854527E-4 2.944227255496512E-4 0.0 0.0 0.0 0.0 0.0 0.0 0.0 0.0 
4.323969990419306E-4 3.953155818679725E-4 5.257427380454697E-4 2.365499317763314E-4 2.3945629456729726E-4 3.0524174021783694E-4 4.157979624161876E-4 3.088332359775137E-4 4.149455473646296E-4 7.717164506906617E-4 9.35745738944311E-4 9.439941778176791E-4 7.329710967169294E-4 0.0010477759643557013 8.694194881175594E-4 0.0016454968596612328 0.00418784214334977 0.00855316145797896 0.01067600848984916 0.012915907555448589 0.019253035350009974 0.027443533009942497 0.03624384757352841 0.05297250927986182 0.07626884349503507 0.09373452908099901 0.11934471562165731 0.14787180017977136 0.16486393389161283 0.1877453998289704 0.19900367243435785 0.22029053287565437 0.24323409622944286 0.24154693685070858 0.22415340732397795 0.20489293288405125 0.18782432326609383 0.1524608918566448 0.1337036239933289 0.10615754052082527 0.08351739942705572 0.05597669354556661 0.03780756896127569 0.025095948305123236 0.018443022102257307 0.015932127506611007 0.011109074528960417 0.0037500743136523493 9.471575179171555E-4 2.749732089930649E-4 5.984432590735799E-4 4.1236001964010136E-4 4.712047179691338E-4 0.0010289596321658933 0.0010873880864796044 7.043672367328804E-4 0.0 0.0 0.0 0.0 0.0 0.0 0.0 0.0 
5.346195748857766E-4 4.6276415710392086E-4 4.163248110687079E-4 3.513528989658114E-4 2.697481204825835E-4 6.759857583049447E-4 2.9882838166232176E-4 2.839402163123056E-4 4.619571511462954E-4 6.780772106489818E-4 5.144027708554818E-4 5.323159154183934E-4 6.474962753191736E-4 0.0012255705917210006 8.959355630541702E-4 0.0010189486784423505 0.0019053551009529904 0.003596089401374494 0.005752969500079912 0.010895836895262568 0.017287868681003456 0.020853395253861012 0.027307846857203184 0.03915806636319785 0.057951254401686095 0.07313229243080127 0.090196259860966 0.1129746173438057 0.12935310386104806 0.1463090268917424 0.16036164601002198 0.16815933528685628 0.1616818731757961 0.17313633226647476 0.15901240524114327 0.1396864384010836 0.12718471501868447 0.10616179322246559 0.0910929079160226 0.06912668509415418 0.05426520706135509 0.037604777915054996 0.02692854685663189 0.019178576224624978 0.011945581930860589 0.006313489639709462 0.003841743552272388 0.0018671803673842849 5.92656233156458E-4 3.871010019137909E-4 9.231541521006254E-4 6.733348135775342E-4 4.1362469583230564E-4 5.592552354268479E-4 6.796921712374154E-4 9.774634418126594E-4 0.0 0.0 0.0 0.0 0.0 0.0 0.0 0.0 
5.421867056440696E-4 5.59310445351911E-4 3.399496667455346E-4 2.2236774159307529E-4 4.1381706223946355E-4 4.5252966303873483E-4 4.8203158193442334E-4 3.774910412889618E-4 1.7838471232033437E-5 3.6492162135564726E-4 2.4835111935066526E-4 9.701655008032271E-4 0.0012011512790603546 0.0012926246218518131 6.647744095626375E-4 6.490533306185213E-4 7.81581716277343E-4 9.650159518549483E-4 0.0037386052650547606 0.007243810504949275 0.010825058521784687 0.015209846088361569 0.02167274757545374 0.029849870190626755 0.03993538043322962 0.05115943266477436 0.06019572766257129 0.07591674726646018 0.08802299493454599 0.09043666538653845 0.10215134965062335 0.10327528658331303 0.09793276226913188 0.09772595003263275 0.08771384347171511 0.08015812510175586 0.07192666021508182 0.06270404624263591 0.05322032372474782 0.03918307867598919 0.029205942361749712 0.020574758025720428 0.013635359593053925 0.010121324130199663 0.006959922309248523 0.0024711013535359005 5.952906055250809E-4 2.3384991875205553E-4 3.2987893288800684E-4 4.2660989051789705E-4 0.0012042382488612236 0.001237766608333307 0.0011548956728292348 8.345868249970175E-4 7.67846264142643E-4 3.5412603565092884E-4 0.0 0.0 0.0 0.0 0.0 0.0 0.0 0.0 
3.538480894599799E-4 5.660418153151978E-4 3.710329789762752E-4 2.1656323858766738E-4 2.9237235881027923E-4 2.761546491318397E-4 6.413334931940073E-4 1.016223169151171E-4 2.1843559573094415E-4 4.8455492430937936E-4 6.904335026582064E-4 0.001112675319850353 0.001008552966754687 0.0010118160273542814 4.524095783555153E-4 5.323194095229203E-4 8.17881026012741E-4 4.8461683986888353E-4 0.0010722184653411634 0.0015926736552733301 0.004414357220924743 0.00850510764390988 0.013381472474361677 0.018215466309214723 0.023503686266214435 0.029474999099580425 0.03516358036252753 0.04372797722083605 0.05408396008338209 0.05268746835942038 0.05832547275706555 0.06283551083083845 0.062005724510366046 0.05940192187980931 0.050931277947905425 0.04824839069093845 0.04017296732597143 0.03452978399081426 0.027896136763724374 0.020191891388838406 0.013057858315118175 0.008799482484972008 0.006606367234313447 0.0041706587880534106 0.0018803231110943767 9.149706642580197E-4 3.1328452475343015E-4 2.3816065190830933E-4 6.593586410738598E-4 3.3467990975575207E-4 6.038540133840411E-4 0.00106296280746451 0.0011956953228630725 0.0011939061568625895 4.963065360221168E-4 1.1024739333070228E-4 0.0 0.0 0.0 0.0 0.0 0.0 0.0 0.0 
4.096148462101832E-4 5.62281933688792E-4 1.390706169817276E-4 7.224291648696502E-5 2.3850012726455853E-4 5.205554036699508E-4 3.215389444570421E-4 3.772504093414668E-4 4.766536889309544E-4 4.0771791074410387E-4 6.168261815330822E-4 6.404679002947649E-4 4.959718421115579E-4 0.001023799618651741 7.375763567098758E-4 6.469861589072504E-4 4.028986237023625E-4 3.652946690522816E-4 9.492896753124375E-5 8.430416667207151E-4 0.0017175260882941832 0.002646741085013751 0.006320490285238222 0.00939756755518281 0.012928798620155368 0.01613724246730548 0.018683799969560783 0.023070629268059122 0.02816381653950583 0.02855928942077278 0.028481778873010427 0.026846391692255226 0.023121900305084153 0.023853691632178625 0.021553072769250867 0.02156282601352938 0.01814409712225915 0.015896812109818942 0.013308716710381334 0.009406065021873983 0.004937238495830131 0.002854122662933641 0.002017914991380535 9.470846716089446E-4 3.399208542863732E-4 1.695334508291154E-4 0.0 2.2720216657206262E-4 5.953978827843447E-4 0.001101629677515158 0.0012367959034461735 7.569018068270018E-4 4.32837817001812E-4 8.184457627341806E-4 3.004258986394322E-4 4.4779216256823836E-4 0.0 0.0 0.0 0.0 0.0 0.0 0.0 0.0 
5.509494907150114E-4 3.568339887243348E-4 3.676666765577252E-4 0.0 6.225903858500727E-5 6.908463617505646E-4 2.426933408631454E-4 2.6610529809971493E-4 1.8124460050744805E-4 6.655663194323152E-4 4.173307863228249E-4 4.723750737775515E-4 8.016103670582798E-4 0.0010190398179755946 9.896419479910943E-4 7.056501917098932E-4 5.346752636489385E-4 4.184579209617165E-4 2.2368286362587983E-4 2.6324964566565432E-5 2.0519286635140767E-4 0.0012176687718479131 0.0024138233924756607 0.003745916909137398 0.005556515206587498 0.008076463922625845 0.009158339006227713 0.01114974657528371 0.01205883355885247 0.014032710444828289 0.013229548934470777 0.012625127899069192 0.011575031513594057 0.010131753730530947 0.008616080963808124 0.00918327193333396 0.007608096036952316 0.006270518565980905 0.0048450486787009655 0.0031957556461770795 0.001619612110554777 6.768667674146169E-4 2.2771724389302627E-4 7.341006550416166E-5 1.3057735580223472E-5 0.0 0.0 2.6877398670944964E-4 2.3536691585541815E-4 0.001153972207516741 0.0018488333428812419 0.0011872456631420488 4.368133225784608E-4 3.6978551914643463E-4 3.964668787206535E-4 4.5897006865348004E-4 0.0 0.0 0.0 0.0 0.0 0.0 0.0 0.0 
4.803175308861686E-4 3.202359986838458E-4 3.1947812714229164E-4 1.284669218138404E-4 3.427092776624611E-4 2.589372684392526E-4 3.18666059945512E-4 1.853913526246109E-4 2.6287822435468904E-4 6.303263614607485E-4 3.110744317966149E-4 5.030919264962257E-4 0.0011264816742712497 7.20171842462793E-4 7.222666107172165E-4 8.464974984265655E-4 8.127874148212987E-4 7.707351941368198E-4 3.2091687688162935E-4 0.0 1.5697573237195963E-4 2.6002779648809756E-4 3.2579134183084957E-4 6.725405700618778E-4 0.0013141941478986893 0.002696642369239864 0.0035669187798156666 0.004934963656385515 0.004508011929616497 0.004786529873546618 0.0046976573846323 0.004385552380203235 0.004096990450040567 0.0033350152455336214 0.0031067768981785796 0.002946947714729506 0.0020883130680212666 0.001407395269201308 8.183350700705569E-4 6.331085600387552E-4 3.5619006316165146E-4 9.075717524071576E-5 0.0 0.0 0.0 0.0 0.0 3.29371631360801E-4 5.485130823686059E-4 7.680878271298437E-4 0.0011098687354823024 0.0014104409311890091 8.067778556540675E-4 3.2907004932570383E-4 3.0965277433772463E-4 2.984290827358308E-4 0.0 0.0 0.0 0.0 0.0 0.0 0.0 0.0 
3.6675360104487033E-4 4.206551762196907E-4 2.462796342308716E-4 1.3674821479859163E-4 1.271497317118688E-4 4.1154654242409104E-4 2.2164852863313652E-4 4.7082224184949266E-4 3.096109085650884E-5 3.8633640661041416E-4 5.440846453717165E-4 7.058618892653251E-4 8.399135481239531E-4 4.9374969485935E-4 6.326073536199071E-4 6.89490865611929E-4 5.90311380317756E-4 5.331563400905717E-4 3.54109999368198E-4 1.034081659364764E-4 2.5128297605822863E-5 0.0 0.0 3.0715847504258744E-4 2.599520169947446E-4 6.747280447912815E-4 6.77857018000149E-4 0.0013235311182149083 8.882803291381709E-4 8.844583411177938E-4 7.398457854956245E-4 9.902313499297838E-4 8.823836033932251E-5 0.0 0.0 0.0 0.0 0.0 0.0 0.0 0.0 0.0 0.0 0.0 0.0 8.946672191264624E-6 4.181249579638756E-5 1.5010110983772502E-4 5.960060785961757E-4 0.0010176504504537684 7.894181086357801E-4 9.807365681457807E-4 4.6255777308605334E-4 5.169530480972684E-4 4.4532397934088374E-4 3.749948939929959E-4 0.0 0.0 0.0 0.0 0.0 0.0 0.0 0.0 
2.8994586195605276E-4 4.959053747609672E-4 5.207488078992117E-4 1.3900476907521145E-4 1.3351477304107196E-4 5.510852235580704E-4 2.4545089641663935E-4 5.113902487906193E-4 3.374678743986569E-4 1.9753490250480914E-4 3.9397196953444005E-4 5.843965996061963E-4 2.865579369163996E-4 6.169679731532184E-4 6.285455792959572E-4 6.01804983137053E-4 4.762654755087208E-4 6.948515765981818E-4 6.934043107273822E-4 2.9556574579085916E-4 3.0312664161664325E-4 0.0 0.0 0.0 0.0 0.0 0.0 0.0 0.0 6.787588392240112E-5 3.5562995295535126E-5 5.964869042127874E-5 0.0 0.0 0.0 0.0 0.0 0.0 0.0 0.0 0.0 0.0 0.0 0.0 0.0 2.7593270737036053E-4 3.36484458253154E-4 3.207352753632624E-5 3.9324345207963446E-4 7.953643860645679E-4 6.327732931308659E-4 8.394790686401112E-4 3.12573746859696E-4 3.91176316483155E-4 4.68481558357008E-4 3.689014850288292E-4 0.0 0.0 0.0 0.0 0.0 0.0 0.0 0.0 
3.5271342695835696E-4 3.710704488159331E-4 3.66055381530762E-4 1.3625820628009684E-4 1.1938364693443948E-4 5.904463284136027E-4 1.581106125346674E-5 1.5065675671657692E-4 4.1617243757512297E-4 2.2413775214413285E-4 1.2378405590166125E-4 3.2931023801124925E-4 2.883930195679129E-4 5.666878148804829E-4 2.778694725788833E-4 5.615617983318693E-4 2.770022512689029E-4 6.455611178624122E-4 5.48750193739255E-4 1.8099157436934666E-4 2.1517577178791327E-4 0.0 0.0 0.0 0.0 0.0 0.0 0.0 0.0 0.0 0.0 0.0 0.0 0.0 0.0 0.0 0.0 0.0 0.0 0.0 0.0 0.0 0.0 0.0 0.0 1.448550206702643E-4 2.1331409504656994E-5 1.3612011173865603E-4 3.5043433125403684E-4 2.4710965010144606E-4 6.463751162512582E-4 5.866434589632288E-4 4.04115677165479E-4 2.807879218930009E-4 5.745100644313826E-4 3.4222789019960534E-4 0.0 0.0 0.0 0.0 0.0 0.0 0.0 0.0 
4.7262096230827504E-4 3.937205780136051E-4 5.136520057637852E-4 1.7131518821464567E-4 3.4355309388510794E-4 2.5624122653454117E-4 1.9403524361314253E-4 5.05336221968551E-4 1.3531386676637834E-4 4.595778699383784E-4 4.55324911066249E-4 9.463146462608264E-5 3.6568501468941075E-4 5.871466838621533E-4 2.7575730500692744E-4 1.848038395945621E-4 3.1142761913634264E-4 3.143854422225226E-4 1.8242514722313695E-4 2.822285189891595E-4 1.582207415099625E-5 0.0 0.0 0.0 0.0 0.0 0.0 0.0 0.0 0.0 0.0 0.0 0.0 0.0 0.0 0.0 0.0 0.0 0.0 0.0 0.0 0.0 0.0 0.0 0.0 4.8728413382702335E-5 0.0 4.2769479971977626E-5 2.5549583080631947E-4 2.5571506778188953E-4 5.310513843836055E-4 3.321503665024787E-4 4.7923971121876824E-4 4.1575171785113364E-4 5.403376806725011E-4 3.1570241359019926E-4 0.0 0.0 0.0 0.0 0.0 0.0 0.0 0.0 
4.998212268683572E-4 5.259279882186222E-4 5.216420535606198E-4 1.3857408342442143E-4 2.9336386147524714E-4 4.752821298840677E-4 1.449097947581832E-4 1.2776100885972873E-4 2.4182968209611826E-6 6.778216740500663E-4 3.276172101442151E-4 1.9738264428138336E-4 3.9220251200882864E-4 5.362657489943715E-4 1.9939756971971092E-4 2.8198799969012065E-4 3.8648046753664707E-4 7.768928589600328E-5 4.802682089660269E-4 8.182804819301691E-5 3.1905543675054827E-4 3.400128411429209E-5 0.0 0.0 0.0 0.0 0.0 0.0 0.0 0.0 0.0 0.0 0.0 0.0 0.0 0.0 0.0 0.0 0.0 0.0 0.0 0.0 0.0 0.0 0.0 0.0 0.0 1.8151375417612214E-4 1.5462429901047295E-4 2.4631233745915225E-4 4.746859388996109E-4 5.055888748915026E-4 2.2292323782729565E-4 2.709516572303265E-4 5.964774608778108E-4 4.1636355751624237E-4 0.0 0.0 0.0 0.0 0.0 0.0 0.0 0.0 
6.87051920674677E-4 5.57599403351086E-4 4.4026136867593907E-4 1.639091165825264E-4 2.9248481837264604E-4 2.6696337591497417E-4 1.4721322853179168E-4 7.389600223042142E-6 4.3475964646069823E-5 5.208345767633799E-4 2.1609178830552455E-4 2.5370677169542764E-4 3.670930431748514E-4 4.0957630349617175E-4 1.0700264576437919E-4 2.2831659167911678E-4 1.0792692476842241E-4 2.466118559930618E-4 8.655136276123433E-5 2.0181429595345784E-4 3.2940781636876676E-5 2.340961438197319E-4 0.0 0.0 0.0 0.0 0.0 0.0 0.0 0.0 0.0 0.0 0.0 0.0 0.0 0.0 0.0 0.0 0.0 0.0 0.0 0.0 0.0 0.0 0.0 1.2742933999882116E-5 8.802380343166604E-6 0.0 1.392013504573887E-4 2.4452617520982935E-4 3.395476106582484E-4 4.2596858822289513E-4 3.935407966371094E-6 5.4524463669210145E-5 4.594646772652509E-4 5.123701091944397E-4 0.0 0.0 0.0 0.0 0.0 0.0 0.0 0.0 
7.315141616823157E-4 7.166995529879944E-4 2.9802221147639597E-4 4.781571490298202E-4 1.0029317274882543E-4 1.924768206101824E-4 9.431043839450734E-6 4.7403369425611186E-4 1.946714381487116E-4 1.557194694806237E-4 2.1044889982764717E-4 2.717003001553214E-4 1.6469144517022294E-4 2.883925339309307E-4 6.695933319436201E-5 8.334983798014716E-5 0.0 1.8488018273511752E-4 3.549649964359452E-6 6.578397076285821E-6 9.971064949893049E-5 0.0 0.0 0.0 0.0 0.0 0.0 0.0 0.0 0.0 0.0 0.0 0.0 0.0 0.0 0.0 0.0 0.0 0.0 0.0 0.0 0.0 0.0 0.0 0.0 3.9001620009337517E-4 8.186725404371794E-5 0.0 1.5115344261126145E-4 2.6838454297880285E-4 1.0527671064814435E-4 2.1191444884563913E-4 7.05841707663211E-5 1.0732150018611526E-4 4.7668586423751014E-4 9.458877250818875E-5 0.0 0.0 0.0 0.0 0.0 0.0 0.0 0.0 
5.122620681052369E-4 7.119889064151763E-4 2.7364738369731065E-4 3.971566447115449E-4 1.7904749256033797E-4 3.3186688972414516E-4 2.135857543650195E-4 3.172515932978576E-4 1.0842415938681694E-5 4.400336372815619E-4 2.659852825171451E-4 2.907699254159199E-4 1.4941470682520403E-4 2.7027437274792203E-4 0.0 6.935466023225273E-5 1.4586629269250923E-4 2.0524510365461685E-4 4.0386758458137525E-5 1.8689395343397648E-4 0.0 0.0 0.0 0.0 0.0 0.0 0.0 0.0 0.0 0.0 0.0 0.0 0.0 0.0 0.0 0.0 0.0 0.0 0.0 0.0 0.0 0.0 0.0 0.0 6.820879240909584E-5 1.1307173369287551E-4 9.255283094387109E-5 2.7478484887781636E-5 2.664344951567927E-4 1.2140450761245587E-4 4.0844024811193756E-4 2.711663992060126E-4 4.760165546836325E-5 5.3587131020693075E-5 5.773609859420641E-4 4.531505771259431E-4 0.0 0.0 0.0 0.0 0.0 0.0 0.0 0.0 
5.10062905538837E-4 5.818317799692022E-4 3.544396621396504E-4 1.8531402932701636E-4 1.2448221631157039E-4 4.4209431028653824E-4 5.891939664861769E-4 7.707671744788018E-5 1.289637273433917E-4 6.80660670814971E-4 0.0 4.2262523614772674E-4 2.912584500551842E-4 4.4297616588627567E-4 2.7399600723543267E-4 2.511497685437036E-5 1.0082884022274337E-4 1.0909715281599174E-4 3.8197664196720085E-5 4.6301693334132227E-4 0.0 0.0 0.0 0.0 0.0 0.0 0.0 0.0 0.0 0.0 0.0 0.0 0.0 0.0 0.0 0.0 0.0 0.0 0.0 0.0 0.0 0.0 0.0 0.0 3.3973350986073287E-6 0.0 0.0 1.713958907532335E-4 2.186156259285174E-4 2.527787219365456E-4 5.696185130566031E-4 2.5654301329865273E-4 6.524942765980477E-6 0.0 4.448137537043507E-4 2.1466575830194772E-4 0.0 0.0 0.0 0.0 0.0 0.0 0.0 0.0 
5.366446287846206E-4 2.8908785895240757E-4 4.80907338410159E-4 1.1552633511973257E-4 3.975912324277544E-4 3.677581472451212E-4 5.661791084706461E-4 1.0564089453494752E-4 2.5185564854838984E-4 4.5430538693542013E-4 0.0 3.6583811964019787E-4 1.213515498337008E-4 3.9973865482199195E-4 2.057164839488751E-4 1.5991369210246377E-4 1.7645781848894048E-4 1.709137238565472E-4 3.903168896783088E-4 1.5070770539793271E-5 0.0 0.0 0.0 0.0 0.0 0.0 0.0 0.0 0.0 0.0 0.0 0.0 0.0 0.0 0.0 0.0 0.0 0.0 0.0 0.0 0.0 0.0 0.0 0.0 0.0 0.0 0.0 2.3247432320180192E-4 4.2871708693800043E-4 2.1899377505216872E-4 2.85574073807128E-4 2.1524549631360212E-4 1.7476588741573246E-4 5.909357436213382E-5 2.433360125973366E-4 4.8307451004058247E-4 0.0 0.0 0.0 0.0 0.0 0.0 0.0 0.0 
4.115221848125332E-4 3.372799580524532E-4 5.901481477943919E-4 2.7451133982184776E-4 4.509014826317687E-4 3.761655973702431E-4 2.409617090163042E-4 3.1054832080063666E-4 9.213665086540267E-5 1.5203435811894436E-4 0.0 3.0905906583380866E-4 3.474817872933627E-5 4.11499997360364E-4 1.6729415268982865E-5 8.590061080395055E-5 5.8874692963168664E-5 2.2292803102609408E-4 4.9181539668296287E-5 0.0 0.0 0.0 0.0 0.0 0.0 0.0 0.0 0.0 0.0 0.0 0.0 0.0 0.0 0.0 0.0 0.0 0.0 0.0 0.0 0.0 0.0 0.0 0.0 0.0 0.0 0.0 0.0 2.990208098434191E-5 2.871620795361636E-4 1.3821851047718777E-4 2.5613121277171837E-4 3.919869903817004E-4 4.0766184183751113E-4 8.136717346000097E-5 3.0856842073376765E-4 3.7433297606980035E-4 0.0 0.0 0.0 0.0 0.0 0.0 0.0 0.0 
3.7743229401534644E-4 5.652208369966826E-4 6.032025617859374E-4 1.931551851758308E-4 9.9004264250132E-5 4.4598678748296956E-4 2.0127419950189508E-4 2.048006071880574E-4 1.8335701950481157E-4 4.0044599153717315E-4 3.1169354729280075E-5 1.933294455395172E-4 9.382870624189699E-5 3.946971917754333E-4 1.2430050645301517E-4 5.4403208407748945E-5 0.0 1.343646465960515E-4 1.0163207989539174E-7 0.0 0.0 0.0 0.0 0.0 0.0 0.0 0.0 0.0 0.0 0.0 0.0 0.0 0.0 0.0 0.0 0.0 0.0 0.0 0.0 0.0 0.0 0.0 0.0 0.0 0.0 0.0 0.0 1.2690448845070125E-4 1.3577216348966545E-4 1.4599264141788382E-4 3.5536418908394945E-4 4.446554443437272E-4 4.1166753381058065E-4 1.7369743361810033E-4 6.453051632280964E-4 1.1349549746650242E-4 0.0 0.0 0.0 0.0 0.0 0.0 0.0 0.0 
2.999269171764677E-4 4.736099029162516E-4 5.439255653590743E-4 1.3035993339461779E-4 5.987601506704867E-4 2.948534212727195E-4 2.673138740196645E-4 1.0606871645730943E-4 5.129475960059945E-4 4.2025622539035664E-4 1.2945825131280013E-4 1.4103243680154272E-4 1.1966897235161349E-4 3.111134510586255E-4 8.38945401251985E-5 1.2512671449944863E-4 2.069600322063103E-4 2.1309623739299074E-5 0.0 0.0 0.0 0.0 0.0 0.0 0.0 0.0 0.0 0.0 0.0 0.0 0.0 0.0 0.0 0.0 0.0 0.0 0.0 0.0 0.0 0.0 0.0 0.0 0.0 0.0 0.0 0.0 0.0 2.3715064891472965E-5 2.9466482617896783E-4 1.934435433744233E-4 3.581322823228501E-4 3.276685561309779E-4 2.1249966142489548E-4 1.6753347411050797E-4 3.660886029845761E-4 3.893184191338522E-4 0.0 0.0 0.0 0.0 0.0 0.0 0.0 0.0 
3.498671331132132E-4 2.1873459335756035E-4 3.6863414274487463E-4 3.059588487592335E-4 3.334326286867018E-4 5.22108666901666E-4 9.546408853718334E-5 0.0 1.598485868777893E-4 4.7048060252881304E-4 1.9995572932953958E-4 2.4944038720199066E-4 2.0859682227903975E-4 2.2501523447791675E-4 8.639517898685625E-5 3.166808524482573E-4 2.77828405175332E-4 0.0 0.0 0.0 0.0 0.0 0.0 0.0 0.0 0.0 0.0 0.0 0.0 0.0 0.0 0.0 0.0 0.0 0.0 0.0 0.0 0.0 0.0 0.0 0.0 0.0 0.0 0.0 0.0 0.0 0.0 1.0064678040981488E-4 7.415564187004783E-5 3.6011701133287466E-4 3.9053557375945825E-4 4.262608600718891E-4 4.6002358171567435E-5 2.1521869057462148E-4 2.5173006860259206E-4 1.6034012324886006E-4 0.0 0.0 0.0 0.0 0.0 0.0 0.0 0.0 
5.583864366245923E-4 2.0669459983566402E-4 2.8989928233501933E-4 1.728777579927916E-4 4.723077219720919E-4 4.1958001080822114E-4 4.410884988508519E-5 5.088336122439237E-6 6.326606990808171E-5 3.7666097819789764E-4 3.1717656065093894E-4 1.9634968808993617E-4 2.3932560317377918E-4 7.409813699893074E-5 2.0364254588795653E-4 4.0649476384307324E-4 2.105338133319163E-4 5.936144490147686E-5 7.390837719772142E-5 0.0 0.0 0.0 0.0 0.0 0.0 0.0 0.0 0.0 0.0 0.0 0.0 0.0 0.0 0.0 0.0 0.0 0.0 0.0 0.0 0.0 0.0 0.0 0.0 0.0 0.0 0.0 0.0 0.0 7.867619881713099E-5 0.0 2.4099701600642197E-4 2.751624234751456E-4 0.0 8.409256927537076E-5 6.513508113186485E-5 1.701471561627466E-5 0.0 0.0 0.0 0.0 0.0 0.0 0.0 0.0 
5.745322645293673E-4 3.4358356436914344E-4 4.436946252270265E-4 1.274761766996654E-4 2.776094923683858E-4 4.472097664613946E-4 3.431796344433032E-5 3.273198114132988E-4 4.015283190698607E-4 3.793181856519432E-4 1.7377725974098267E-4 4.064026936805535E-4 1.9894677899129606E-4 1.627504317268863E-4 3.946063893532528E-4 3.3227621054966814E-4 3.431840059267687E-4 1.386035750115356E-4 3.5897891692488186E-4 1.3964724712517854E-4 0.0 0.0 0.0 0.0 0.0 0.0 0.0 0.0 0.0 0.0 0.0 0.0 0.0 0.0 0.0 0.0 0.0 0.0 0.0 0.0 0.0 0.0 0.0 0.0 0.0 0.0 0.0 0.0 0.0 0.0 0.0 0.0 0.0 0.0 0.0 0.0 0.0 0.0 0.0 0.0 0.0 0.0 0.0 0.0 
