-1159.0042231927544 2.6345209963145555E-9 5.191510986324443 2.21580854759683E-6 -2.1383064137014943E-6
-1154.4768629459077 4.125356084626028E-9 5.521528167701905 3.4902421707991535E-6 -1.6328446367641224E-6
-1149.949502699061 5.96772793786434E-9 5.619876576290589 4.370423005049078E-6 -1.5422176441414446E-6
-1145.4221424522143 7.55462550014535E-9 5.599986116294847 4.881801448052625E-6 -1.8326497591326015E-6
-1140.8947822053676 8.802245541530898E-9 5.509854507160231 5.070065447087092E-6 -2.444475000775442E-6
-1136.367421958521 9.955548190633445E-9 5.375516075802632 4.99522446261863E-6 -3.298441820879777E-6
-1131.8400617116743 1.134882110744814E-8 5.220306056145648 4.724800248811318E-6 -4.303825406085734E-6
-1127.3127014648276 1.3205985971275418E-8 5.066789128419542 4.326883956362747E-6 -5.367404326210176E-6
-1122.7853412179809 1.5536288141270967E-8 4.9313066925764675 3.863800662612642E-6 -6.402282136805588E-6
-1118.257980971134 1.813811240528177E-8 4.820876319028669 3.38701955820598E-6 -7.335581126786425E-6
-1113.7306207242873 2.0684395649839484E-8 4.73525155738672 2.933775320861504E-6 -8.114196882609895E-6
-1109.2032604774406 2.284096453932517E-8 4.670605215037655 2.5256465009885316E-6 -8.708056968293246E-6
-1104.675900230594 2.4368980712376396E-8 4.622047493533675 2.169097930608185E-6 -9.110641735478536E-6
-1100.1485399837472 2.518012519984279E-8 4.584721026971045 1.8577656146384352E-6 -9.336860014873855E-6
-1095.6211797369006 2.5337767556153806E-8 4.554113391038388 1.5760714072753289E-6 -9.418685308332464E-6
-1091.0938194900539 2.5017963057937676E-8 4.526130657604309 1.3036225817229695E-6 -9.399210742236202E-6
-1086.5664592432072 2.4453560191036185E-8 4.497232181731969 1.0197916501733277E-6 -9.325943486736075E-6
-1082.0390989963605 2.388215401738208E-8 4.464742185498872 7.078884495988362E-7 -9.24421370913339E-6
-1077.5117387495138 2.350869176906006E-8 4.42729029005852 3.584238873360926E-7 -9.191515708478617E-6
-1072.9843785026671 2.348306148950505E-8 4.385172354292583 -2.8891433859885454E-8 -9.193440354119239E-6
-1068.4570182558205 2.3887350981292192E-8 4.340348208596838 -4.445909125965424E-7 -9.261621725057218E-6
-1063.9296580089738 2.472820250156893E-8 4.295930307629661 -8.703240581288716E-7 -9.393839732839853E-6
-1059.402297762127 2.5934441145485374E-8 4.255337924175412 -1.2809649658027022E-6 -9.576132255178391E-6
-1054.8749375152804 2.736456665381078E-8 4.221522710458812 -1.6476215872608315E-6 -9.786512541178022E-6
-1050.3475772684337 2.882914626865331E-8 4.1965817968802295 -1.9411174368995508E-6 -9.999692957824127E-6
-1045.820217021587 3.012875808595234E-8 4.181779368698549 -2.1354841265344557E-6 -1.0192107904063909E-5
-1041.2928567747401 3.110112415971649E-8 4.177783618365231 -2.2110301033544127E-6 -1.0346518234385803E-5
-1036.7654965278934 3.1665361195577716E-8 4.184901396030386 -2.1566310962659124E-6 -1.0455564864383479E-5
-1032.2381362810468 3.185025369689506E-8 4.203169523155408 -1.9710075125352363E-6 -1.052380579280484E-5
-1027.7107760342 3.179811752433851E-8 4.232242608261167 -1.6628954954322304E-6 -1.0567993620337207E-5
-1023.1834157873534 3.1744249149280954E-8 4.271088395555985 -1.2501619274480224E-6 -1.0615598090227398E-5
-1018.6560555405067 3.1980320798424375E-8 4.31760016830282 -7.580406521655963E-7 -1.070181622706725E-5
-1014.12869529366 3.2814614963162186E-8 4.36836803274342 -2.1676225687334112E-7 -1.0865509648805234E-5
-1009.6013350468133 3.4540846873212885E-8 4.418911800466208 3.410972265839696E-7 -1.1144639445016065E-5
-1005.0739747999667 3.7421409222801544E-8 4.464492026684116 8.832162761493558E-7 -1.1571818266439195E-5
-1000.54661455312 4.168329000945515E-8 4.501203264624366 1.379780448064588E-6 -1.2170563105523118E-5
-996.0192543062733 4.751934938064111E-8 4.526788627568584 1.8051632199775363E-6 -1.295271853495766E-5
-991.4918940594266 5.508657313074104E-8 4.540808116497113 2.138905458448459E-6 -1.3917347062072866E-5
-986.9645338125799 6.449651612104178E-8 4.544233870409433 2.3659669787161974E-6 -1.5051176398290037E-5
-982.4371735657331 7.579934137786597E-8 4.538806409373127 2.4763205619674517E-6 -1.6330482220372887E-5
-977.9098133188864 8.896847855329286E-8 4.526451414050296 2.464036768058071E-6 -1.772409839043405E-5
-973.3824530720398 1.0389525114210646E-7 4.508894244492052 2.3260578067995865E-6 -1.9197109188348476E-5
-968.8550928251931 1.2040080291349146E-7 4.487477196845137 2.0608761091385484E-6 -2.071470683582281E-5
-964.3277325783464 1.3826723326566776E-7 4.463125233832089 1.6673185164988642E-6 -2.224569965494319E-5
-959.8003723314997 1.5728335642024374E-7 4.436398388351201 1.1435951794110159E-6 -2.376522839022977E-5
-955.273012084653 1.7729548656096397E-7 4.4075834222306 4.867118488274643E-7 -2.525637769312128E-5
-950.7456518378063 1.9825180563636948E-7 4.376794764327155 -3.0772416038624364E-7 -2.671053618492122E-5
-946.2182915909596 2.2023046092319244E-7 4.344067539327192 -1.2453394907685186E-6 -2.8126537148285606E-5
-941.6909313441129 2.434455814112841E-7 4.30943267867043 -2.3325596661590613E-6 -2.9508777260943395E-5
-937.1635710972662 2.6823032685796653E-7 4.2729677330779525 -3.576024330561041E-6 -3.086464025625916E-5
-932.6362108504195 2.9500049353918345E-7 4.234819764883972 -4.981983365935678E-6 -3.220162933017611E-5
-928.1088506035728 3.2420533271674427E-7 4.195200445582922 -6.555791033121146E-6 -3.352462800546085E-5
-923.5814903567261 3.5627397521391014E-7 4.154358440072727 -8.30158264443967E-6 -3.4833664579151446E-5
-919.0541301098795 3.915664068289044E-7 4.112538906140706 -1.0222173092805366E-5 -3.612245945954992E-5
-914.5267698630328 4.303374591841714E-7 4.069942396275161 -1.231916713664731E-5 -3.7377903935462694E-5
-909.9994096161861 4.727206944242141E-7 4.026694347982234 -1.4593226273049086E-5 -3.858047394898374E-5
-905.4720493693393 5.187361901146077E-7 3.982832141077843 -1.704440386693657E-5 -3.970544528147282E-5
-900.9446891224926 5.683221022080886E-7 3.9383112248016103 -1.967244431292599E-5 -4.0724667246487505E-5
-896.4173288756459 6.213850140615732E-7 3.8930270869410117 -2.2476945825386768E-5 -4.160858568603327E-5
-891.8899686287992 6.778595030382161E-7 3.846846987503154 -2.5457309205286457E-5 -4.232819100486758E-5
-887.3626083819526 7.377643600254632E-7 3.7996444575041584 -2.8612432831958297E-5 -4.285660340021894E-5
-882.8352481351059 8.012425630627475E-7 3.7513300095927917 -3.194016103313809E-5 -4.3170087808341566E-5
-878.3078878882592 8.685748804103697E-7 3.7018727628570955 -3.543654137714296E-5 -4.324840139612527E-5
-873.7805276414125 9.40162463239422E-7 3.6513094896084315 -3.909498857202298E-5 -4.3074498466686955E-5
-869.2531673945657 1.0164808346928603E-6 3.5997399007090944 -4.2905481748478474E-5 -4.2633731838179227E-5
-864.725807147719 1.0980147167856069E-6 3.5473096764725023 -4.6853933075008534E-5 -4.191277810634442E-5
-860.1984469008723 1.185188569121109E-6 3.4941853999024746 -5.092185663905039E-5 -4.089856300730901E-5
-855.6710866540257 1.2783102779277228E-6 3.440527468574027 -5.5086437960676305E-5 -3.9577464926966234E-5
-851.143726407179 1.3775443960824596E-6 3.386467598472858 -5.9321059777434145E-5 -3.7935029342715224E-5
-846.6163661603323 1.4829265852226591E-6 3.332096443273562 -6.359628449733912E-5 -3.595634175463545E-5
-842.0890059134856 1.5944230044208226E-6 3.277464460765983 -6.788123503222789E-5 -3.362709468908659E-5
-837.5616456666389 1.7120285559504536E-6 3.222596186649271 -7.214526112097706E-5 -3.093526291906108E-5
-833.0342854197922 1.8358879784545175E-6 3.167515278136856 -7.635973468644305E-5 -2.7873188872350003E-5
-828.5069251729454 1.966415995049897E-6 3.112275558597561 -8.049979074250366E-5 -2.443979466477497E-5
-823.9795649260988 2.1043892314035537E-6 3.0569920161300717 -8.454582325412226E-5 -2.064259175340844E-5
-819.4522046792521 2.2509848740379713E-6 3.001865322769117 -8.84845590635568E-5 -1.64991614069735E-5
-814.9248444324054 2.407749197722174E-6 2.947194021189916 -9.230956595637629E-5 -1.2037829609585771E-5
-810.3974841855587 2.5764916866222663E-6 2.8933702079066492 -9.602109941695067E-5 -7.297352180776373E-6
-805.870123938712 2.7591146044957506E-6 2.840857342788706 -9.962525128181772E-5 -2.3255472705337203E-6
-801.3427636918653 2.957399933100252E-6 2.7901523688604035 -1.0313242614998131E-4 2.8230537942472515E-6
-796.8154034450187 3.1727823914152906E-6 2.741737783252005 -1.0655523178043924E-4 8.090338634465684E-6
-792.288043198172 3.4061370457074067E-6 2.6960315687981633 -1.0990592217725589E-4 1.341822633586165E-5
-787.7606829513252 3.6576032203423997E-6 2.6533431686640414 -1.1319357222704863E-4 1.8752391970347723E-5
-783.2333227044785 3.926455478766328E-6 2.6138419009555136 -1.1642118779051015E-4 2.404571592575734E-5
-778.7059624576318 4.211021092687215E-6 2.577541095876888 -1.1958296393337531E-4 2.926110136656658E-5
-774.1786022107851 4.5086354228250765E-6 2.5442979082689843 -1.2266189698358814E-4 3.4373378493278803E-5
-769.6512419639384 4.8156245652193554E-6 2.513826155808587 -1.256279350923112E-4 3.937012384957171E-5
-765.1238817170918 5.127309038717736E-6 2.485718091206629 -1.2843681962898453E-4 4.425135164824292E-5
-760.5965214702451 5.438031647121508E-6 2.4594706705101017 -1.310297291812193E-4 4.9028164546588444E-5
-756.0691612233984 5.741223821798951E-6 2.434512296098416 -1.3333379233196514E-4 5.372056626611301E-5
-751.5418009765516 6.029534021961037E-6 2.4102268322772376 -1.3526348765506587E-4 5.835472325688484E-5
-747.0144407297049 6.295045862723062E-6 2.385972657154021 -1.3672290195643026E-4 6.29600071390049E-5
-742.4870804828582 6.529610491043791E-6 2.361095491453663 -1.3760877263910442E-4 6.756614962707432E-5
-737.9597202360115 6.7253068444174454E-6 2.334934682016058 -1.3781419869682307E-4 7.220079902487119E-5
-733.4323599891649 6.875025851427661E-6 2.306823511409906 -1.3723286845856498E-4 7.688768990218101E-5
-728.9049997423182 6.973152658584639E-6 2.276084985860547 -1.3576362191028638E-4 8.164553745064342E-5
-724.3776394954715 7.0162977454196835E-6 2.242025489974334 -1.3331514231848762E-4 8.648766007083283E-5
-719.8502792486248 7.004006938392002E-6 2.2039297971582053 -1.2981055717076762E-4 9.142223317603002E-5
-715.3229190017781 6.939365544438721E-6 2.161062312161759 -1.2519172337996945E-4 9.645299743583562E-5
-710.7955587549313 6.829406412725399E-6 2.112681144472241 -1.1942297744605588E-4 1.0158019553128375E-4
-706.2681985080847 6.6852381093586135E-6 2.0580734345822536 -1.1249414870633326E-4 1.0680149788811443E-4
-701.740838261238 6.521828500935267E-6 1.9966213904562746 -1.0442266325224722E-4 1.1211269937562616E-4
-697.2134780143913 6.357409913008716E-6 1.9279067067196838 -9.525460705404388E-5 1.1750802014312034E-4
-692.6861177675446 6.212511586753589E-6 1.8518530838573901 -8.50646678210934E-5 1.2297991516030222E-4
-688.1587575206979 6.108668478364761E-6 1.7688890565608788 -7.395493356121262E-5 1.2851837678818943E-4
-683.6313972738512 6.066896454165513E-6 1.6800871441215603 -6.205258810761685E-5 1.3410979049711873E-4
-679.1040370270046 6.106056435279755E-6 1.58721209590861 -4.9506605692796906E-5 1.397354647313985E-4
-674.5766767801578 6.241248881837014E-6 1.4926143200211492 -3.648360319195358E-5 1.453699939742128E-4
-670.0493165333111 6.482382062327834E-6 1.3989537594118673 -2.3163055219549367E-5 1.5097962546266862E-4
-665.5219562864644 6.833042379356459E-6 1.3088201082247557 -9.732109710303345E-6 1.5652078542314427E-4
-660.9945960396177 7.289764944458749E-6 1.2243735000756817 3.6197431079957296E-6 1.619388850217448E-4
-656.467235792771 7.841762299595478E-6 1.1471179077162876 1.6705898914899937E-5 1.671674775774744E-4
-651.9398755459243 8.471124882916329E-6 1.0778476448577576 2.9347537306396643E-5 1.72127786883352E-4
-647.4125152990777 9.153465178689804E-6 1.0167320854718502 4.137800097576641E-5 1.7672858173782457E-4
-642.885155052231 9.858944420999102E-6 0.9634692363376773 5.26465192348768E-5 1.8086634243907011E-4
-638.3577948053843 1.0553600484894777E-5 0.9174464101746551 6.302119904676231E-5 1.8442565649607538E-4
-633.8304345585375 1.1200890046176968E-5 0.8778723162868474 7.239126925864483E-5 1.8727979474817677E-4
-629.3030743116908 1.1763366369250019E-5 0.8438687442168407 8.066862285916223E-5 1.8929145290986528E-4
-624.7757140648441 1.2204432768362738E-5 0.8145239273538314 8.778875233567174E-5 1.9031369099262863E-4
-620.2483538179974 1.2490135428227747E-5 0.7889146898267709 9.371121003120853E-5 1.901911551014771E-4
-615.7209935711508 1.2590981256740264E-5 0.7661041748141129 9.841974564798068E-5 1.8876171249014665E-4
-611.1936333243041 1.2483780100277633E-5 0.745119146122537 1.0192227523611258E-4 1.8585866160465735E-4
-606.6662730774574 1.215351041140342E-5 0.7249068806009484 1.0425082041937363E-4 1.813136862708532E-4
-602.1389128306107 1.1595189970680932E-5 0.7042665894438978 1.0546152516397718E-4 1.7496070263486302E-4
-597.6115525837639 1.0815698315580825E-5 0.6817431170717638 1.0563481338769284E-4 1.666406985284774E-4
-593.0841923369172 9.835448614854515E-6 0.6554591044041818 1.0487569840702357E-4 1.5620759151744725E-4
-588.5568320900705 8.689751123096178E-6 0.6228416451729952 1.033141994251951E-4 1.4353504176777636E-4
-584.0294718432239 7.42965855470141E-6 0.5801636574516582 1.0110576582754893E-4 1.2852405959618007E-4
-579.5021115963772 6.122048165323796E-6 0.5217612387190558 9.843156147411058E-5 1.1111115701965542E-4
-574.9747513495305 4.848688436634379E-6 0.4387248577898202 9.549842228914297E-5 9.12767192487702E-5
-570.4473911026838 3.7040699968824155E-6 0.3169987342037741 9.253827419016596E-5 6.905322528320908E-5
-565.9200308558371 2.7918558358557852E-6 0.13626807463623347 8.980678674227059E-5 4.453293255346922E-5
-561.3926706089904 2.21992319282767E-6 -0.12274618740123255 8.758104188338668E-5 1.7874660603917125E-5
-556.8653103621436 2.09411921441141E-6 -0.447527653900492 8.615601676954656E-5 -1.0690639698567556E-5
-552.337950115297 2.5110180895565193E-6 -0.7683005770269524 8.583971462101666E-5 -4.0855768964659486E-5
-547.8105898684503 3.5501276857015475E-6 -1.0173108482397755 8.694682616309704E-5 -7.223476118980228E-5
-543.2832296216036 5.2661265410385806E-6 -1.1843816494783885 8.979086508573324E-5 -1.043620186539937E-4
-538.7558693747569 7.681798527140258E-6 -1.2891223190691479 9.467479166892648E-5 -1.36693069330843E-4
-534.2285091279102 1.0782361009969134E-5 -1.3513337619099302 1.0188021668284206E-4 -1.686068506953343E-4
-529.7011488810635 1.4511851369310761E-5 -1.3844350749574117 1.1165535977810144E-4 -1.9940938369864485E-4
-525.1737886342169 1.8772155498723573E-5 -1.3966934131046278 1.2420201930196456E-4 -2.283386887562516E-4
-520.6464283873701 2.3425148750381916E-5 -1.393089515224851 1.3966188985754745E-4 -2.5457081015946845E-4
-516.1190681405234 2.829829849463726E-5 -1.3765749747436855 1.5810263567848514E-4 -2.7722685056346844E-4
-511.5917078936767 3.3193972154894E-5 -1.3488054057582772 1.7950418755514864E-4 -2.953809641395909E-4
-507.06434764683 3.790262427661892E-5 -1.310548204397323 2.037457742265853E-4 -3.080693048138737E-4
-502.53698739998333 4.222001018113007E-5 -1.2618989631882993 2.3059422184378692E-4 -3.142999637852291E-4
-498.00962715313665 4.596858877625448E-5 -1.2023844294219526 2.5969405408875706E-4 -3.1306394875392013E-4
-493.48226690628996 4.9023317012358985E-5 -1.130999751820907 2.905598987261198E-4 -3.0334724944967064E-4
-488.9549066594432 5.134207664957132E-5 -1.0462195015097846 3.2257165320387685E-4 -2.8414399753543706E-4
-484.42754641259654 5.300097801697636E-5 -0.9460351018210877 3.549727835840303E-4 -2.5447066558136755E-4
-479.90018616574986 5.423472330503748E-5 -0.8281102335824357 3.868720306107037E-4 -2.1338116558731457E-4
-475.3728259189032 5.548205860475118E-5 -0.6902084467582448 4.172486789320034E-4 -1.5998261197233454E-4
-470.84546567205643 5.743608682940556E-5 -0.5310867107170028 4.449614167284605E-4 -9.345141874503731E-5
-466.31810542520975 6.109885604191985E-5 -0.3519047457652027 4.6876068069478545E-4 -1.3049318072298334E-5
-461.79074517836307 6.78391988731193E-5 -0.15764019110240302 4.873042534067117E-4 8.186117095563052E-5
-457.2633849315164 7.94523112320096E-5 0.04277105677762183 4.991757643431868E-4 1.9180232002044082E-4
-452.73602468466964 9.821906279519601E-5 0.2385933393512749 5.029056491355964E-4 3.1716829962928855E-4
-448.20866443782296 1.2696256920341332E-4 0.4207481585642494 4.969940493997966E-4 4.582142495074198E-4
-443.6813041909763 1.6909916206959698E-4 0.5840959696775672 4.7993509121629685E-4 6.150476557039987E-4
-439.1539439441296 2.286805924667114E-4 0.7274114852700091 4.5024196511232604E-4 7.876222629141204E-4
-434.62658369728285 3.104241079536368E-4 0.8520044074015036 4.064722430652219E-4 9.757346168392206E-4
-430.09922345043617 4.1972695171420407E-4 0.9602951254198304 3.4725290519490215E-4 0.0011790231921347003
-425.5718632035895 5.626618363551584E-4 1.0549008381924239 2.713046052600134E-4 0.0013969699291905228
-421.0445029567428 7.459500339205647E-4 1.1382029545236492 1.7746477341362918E-4 0.0016289038891833198
-416.5171427098961 9.769088923870695E-4 1.212206135180172 6.470922999543128E-5 0.0018740066508481218
-411.9897824630494 0.0012633708427445011 1.2785359633455635 -6.782794126329741E-5 0.002131319020532244
-407.4624222162027 0.0016135713191781937 1.338488667673281 -2.2083644414864513E-4 0.002399748612162328
-402.935061969356 0.002036003511080089 1.3930923251310752 -3.9481387121483334E-4 0.0026780778752084275
-398.40770172250933 0.0025392385427509922 1.4431634305488497 -5.900519375179287E-4 0.00296497220297277
-393.8803414756626 0.003131710580581692 1.4893539923774015 -8.066248984718429E-4 0.0032589878346205867
-389.3529812288159 0.003821467537338621 1.5321889165714193 -0.0010443801849530292 0.003558579364826661
-384.8256209819692 0.004615889500808515 1.572095012071237 -0.001302931279004939 0.0038621067865486636
-380.29826073512254 0.005521378754041602 1.6094232646766438 -0.0015816528480463176 0.004167842107089329
-375.7709004882758 0.006543027235825184 1.6444658781373183 -0.0018796781494464627 0.00447397568765792
-371.2435402414291 0.007684269431317485 1.6774693067572297 -0.0021958987059626494 0.004778622555335048
-366.71617999458243 0.008946530861134557 1.708644231171006 -0.002528966231992513 0.005079829017901982
-362.18881974773575 0.01032888439267166 1.738173199230257 -0.002877296758517297 0.005375579971555597
-357.66145950088907 0.011827728342769574 1.7662164735546906 -0.0032390768605772063 0.005663807325050304
-353.1340992540423 0.013436501576569143 1.7929164906043575 -0.0036122718368751866 0.005942399967980096
-348.60673900719564 0.015145451342044673 1.8184012345319611 -0.003994635630562426 0.006209215683203966
-344.07937876034896 0.016941469253339534 1.8427867544361187 -0.004383722219231835 0.006462095342262165
-339.5520185135023 0.018808009545348538 1.8661789992470417 -0.00477689814784767 0.006698879627808447
-335.02465826665554 0.020725101443856406 1.8886751051253823 -0.005171355838673628 0.006917428400204615
-330.49729801980885 0.022669464305421074 1.9103642419973723 -0.005564127294965285 0.007115642670461473
-325.96993777296217 0.024614730262604734 1.9313281057073928 -0.005952097826905268 0.007291488965430724
-321.4425775261155 0.02653177475150345 1.9516411279639638 -0.006332019473605101 0.007443025683332212
-316.91521727926875 0.02838915087445573 1.9713704659892022 -0.006700523875766986 0.007568430850982077
-312.38785703242206 0.030153619487242767 1.9905758260708484 -0.0070541344681317245 0.007666030523415745
-307.8604967855754 0.031790763624124585 2.0093091687645335 -0.007389278003676825 0.007734326928185779
-303.3331365387287 0.03326567375329279 2.0276143371013484 -0.007702295583420194 0.007772025366503649
-298.80577629188195 0.03454368963371314 2.0455266416435984 -0.007989453533963574 0.007778058855717452
-294.27841604503527 0.035591185284667204 2.0630724263767513 -0.008246954634284273 0.007751609542762625
-289.7510557981886 0.03637638562315724 2.0802686258796945 -0.00847095032697799 0.007692126041096793
-285.2236955513419 0.036870206280569154 2.0971223053753087 -0.008657554640370784 0.007599336042320093
-280.6963353044952 0.03704711137944405 2.113630149036081 -0.00880286058147507 0.007473253818677213
-276.1689750576485 0.03688598689138399 2.1297778252786674 -0.008902959723825883 0.007314182546858041
-271.6416148108018 0.036371028822862306 2.1455391059342266 -0.008953965601890296 0.007122711723161267
-267.1142545639551 0.035492645186236536 2.1608745410030035 -0.008952041334363003 0.00689971027640389
-262.58689431710843 0.03424836802718151 2.175729377766835 -0.00889343163873637 0.0066463162866793385
-258.0595340702617 0.03264376655707106 2.1900302358642425 -0.008774499082974804 0.006363924454421173
-253.532173823415 0.030693344965697058 2.2036797584794026 -0.008591764067818641 0.00605417260815121
-249.00481357656832 0.02842139950596404 2.2165479563830197 -0.008341947671899757 0.005718928570508447
-244.4774533297216 0.02586280009745 2.228458048173275 -0.008022016152100143 0.0053602786097712565
-239.95009308287493 0.02306365343131033 2.2391628562693375 -0.007629225605512223 0.0049805184883655014
-235.42273283602822 0.020081798924330565 2.248304300236381 -0.007161165097583464 0.004582147792924952
-230.89537258918153 0.016987087295321827 2.255340972253124 -0.006615796469658335 0.004167867815857773
-226.36801234233482 0.013861395093716481 2.259411296732699 -0.005991489076811055 0.0037405827892757065
-221.84065209548814 0.010798337695165538 2.2590554939332863 -0.005287047882308502 0.0033034037886843807
-217.31329184864143 0.007902657861217903 2.2515938762784256 -0.004501733645275551 0.002859654169446096
-212.78593160179474 0.005289285920109766 2.2315452996531677 -0.003635274367758761 0.0024128750163964203
-208.25857135494806 0.003082089205861834 2.1858046484840847 -0.0026878676889640924 0.0019668288139177664
-203.73121110810135 0.0014123502647659188 2.0743705349452966 -0.0016601744901640245 0.0015254994094129409
-199.20385086125467 4.1703287008990135E-4 1.715306125601102 -5.533045581599637E-4 0.001093086365007399
-194.67649061440795 2.369094806404466E-4 0.494094963280717 6.312043010991025E-4 6.739919744504073E-4
-190.14913036756127 0.001014631239159609 -0.18083119386508972 0.0018914118530017187 2.72799554443883E-4
-185.62177012071456 0.002892820473358999 -0.3568553926907878 0.0032250035623456706 -1.0575792151254102E-4
-181.09440987386787 0.0060122554776654655 -0.42243943248391513 0.004629318939356083 -4.5683922806985885E-4
-176.56704962702116 0.010510198803155173 -0.45050600977076005 0.00610137781953995 -7.755461137931908E-4
-172.03968938017448 0.016518895190478923 -0.46158725098869535 0.0076379025225146715 -0.001056983529137303
-167.51232913332777 0.024164236445073577 -0.46352896933147036 0.009235334245722603 -0.0012963274834048965
-162.98496888648108 0.03356456144400286 -0.4599551303426841 0.010889842612178834 -0.0014888986918899377
-158.45760863963437 0.04482953380083577 -0.45277032004093787 0.012597327963075805 -0.0016302398328508405
-153.9302483927877 0.058059020999242525 -0.4430760090926622 0.014353416710770688 -0.0017161940402292764
-149.40288814594098 0.07334188984483883 -0.43155970748899364 0.01615345078328583 -0.0017429822228529565
-144.8755278990943 0.09075463558893503 -0.4186791633960132 0.017992472834727453 -0.0017072769211210013
-140.3481676522476 0.11035977638274928 -0.40475697214894435 0.01986520940843224 -0.001606270671457338
-135.8208074054009 0.1322039696792252 -0.3900323087272328 0.021766054572961952 -0.0014377372191261826
-131.29344715855422 0.1563158402688639 -0.37469061386623626 0.02368905667205867 -0.001200084364472406
-126.7660869117075 0.18270354715948736 -0.3588812797487382 0.025627910723643864 -8.923977039823408E-4
-122.2387266648608 0.21135215416591993 -0.3427285076998725 0.027575958675375215 -5.14474991926427E-4
-117.71136641801411 0.24222090244239683 -0.3263381522093507 0.02952619920082392 -6.685125926910715E-5
-113.18400617116741 0.2752405083517282 -0.3098021545178531 0.031471308044749575 4.4918485140574185E-4
-108.65664592432071 0.31031062417433863 -0.2932015124789773 0.03340366915640066 0.0010315828693067924
-104.12928567747403 0.3472976008752792 -0.27660835922147164 0.03531541605368067 0.0016775296546706138
-99.60192543062733 0.38603268186421863 -0.26008749984443913 0.03719848210907825 0.002383455246634667
-95.07456518378063 0.4263107365169461 -0.24369761679709612 0.039044657807970916 0.0031450448892669635
-90.54720493693394 0.4678896157264462 -0.22749226613605522 0.04084565255950383 0.003957257000439984
-86.01984469008724 0.5104901833752105 -0.21152072975992198 0.04259315838325847 0.0048143471886484554
-81.49248444324054 0.5537970520370811 -0.19582875237315456 0.044278912776232686 0.005709898787761877
-76.96512419639384 0.5974600325308069 -0.18045916997239608 0.04589475828800973 0.006636860724077595
-72.43776394954715 0.6410962979669499 -0.16545242499102386 0.04743269677958023 0.007587593808507247
-67.91040370270045 0.6842932645950717 -0.15084695902527478 0.048884936975040594 0.008553926717375905
-63.38304345585375 0.7266122028338822 -0.13667947513216916 0.05024393468023476 0.009527222953533318
-58.855683209007054 0.7675926089611331 -0.12298506628457151 0.051502425870801866 0.010498459941248432
-54.32832296216036 0.8067573858735115 -0.10979721321919822 0.05265345366981232 0.011458321092953116
-49.800962715313666 0.8436188938164165 -0.09714766236856942 0.053690390967523594 0.01239730119748576
-45.27360246846697 0.8776859325620342 -0.08506620178297908 0.05460696101395624 0.013305824837801402
-40.74624222162027 0.9084716995614798 -0.07358035909339034 0.05539725868185704 0.014174376785753978
-36.21888197477357 0.9355027303447331 -0.06271505003969668 0.05605577521264637 0.014993642490160771
-31.691521727926876 0.9583287668016913 -0.05249220853253167 0.05657742910072756 0.01575465592951252
-27.16416148108018 0.9765334180633518 -0.04293042951407777 0.056957605343728804 0.016448951305951632
-22.636801234233484 0.9897453829548317 -0.03404465414393165 0.05719220461177961 0.017068714377199024
-18.109440987386787 0.9976499008582815 -0.025845923358854606 0.05727770301243979 0.017606928718726607
-13.58208074054009 1.0 -0.01834122107833913 0.05721122211159007 0.01805751193125036
-9.054720493693393 0.9966270304883499 -0.011533422765373835 0.05699060778961814 0.018415436796411062
-4.527360246846697 0.9874499154708378 -0.005421359232983924 0.05661451544913213 0.01867683265652966
0.0 0.9724825374659811 0.0 0.05608249812885231 0.018839062852662635
4.527360246846697 0.9518387051522813 0.004739244448305868 0.05539509329663236 0.01890077487773106
9.054720493693393 0.9257342214676859 0.008808106144015504 0.05455390355966338 0.01886192094673611
13.58208074054009 0.8944856948679474 0.01222093637693078 0.05356166629196968 0.018723747894429855
18.109440987386787 0.8585058952628509 0.014994084817598008 0.05242230726744924 0.01848875660888498
22.636801234233484 0.8182956433892565 0.0171451904667963 0.05114097380646167 0.018160632515201176
27.16416148108018 0.7744324227323722 0.018692392873700392 0.04972404367623605 0.017744149853008033
31.691521727926876 0.7275561002017872 0.019653469695839476 0.04817910698750546 0.017245053564843314
36.21888197477357 0.6783523190233002 0.020044902814093213 0.04651491953834252 0.016669923461317872
40.74624222162027 0.6275342696821979 0.019880869604264717 0.04474132739155457 0.016026025901306546
45.27360246846697 0.5758236403480536 0.01917214812912693 0.042869163844305704 0.015321158490369725
49.800962715313666 0.5239315895011066 0.017924914155440952 0.04091012126466747 0.014563493250928717
54.32832296216036 0.4725405680416428 0.016139392739463965 0.038876601440359954 0.013761423370243789
58.855683209007054 0.42228774880326253 0.013808305629921414 0.036781549032070475 0.012923418026290833
63.38304345585375 0.37375070567604485 0.010915024674054585 0.03463827338705333 0.012057888985385172
67.91040370270045 0.3274358338134001 0.0074312955489945764 0.03246026431050576 0.011173071730511755
72.43776394954715 0.2837698303803132 0.0033143268335873444 0.03026100740054205 0.010276922894385638
76.96512419639384 0.24309437656832786 -0.001497067979402189 0.028053804242284305 0.009377034814607553
81.49248444324054 0.20566399000725963 -0.007087759064376087 0.02585160216779544 0.008480567170882981
86.01984469008724 0.1716468640462588 -0.013573783990292299 0.02366683748307859 0.0075941949634131855
90.54720493693394 0.1411283854283182 -0.02111326820368742 0.021511295118758007 0.006724071585877385
95.07456518378063 0.11411692986256289 -0.02992286401775779 0.019395986663544567 0.00587580545276817
99.60192543062733 0.09055147753097754 -0.04030333126074748 0.01733104777575049 0.005054448553410279
104.12928567747403 0.07031056606504439 -0.05268084453578403 0.015325655116701035 0.004264495396629339
108.65664592432071 0.0532221029132415 -0.06767661281803594 0.013387962274227038 0.0035098910357295766
113.18400617116741 0.03907358662377223 -0.08623032961485588 0.011525053686419031 0.0027940471655802292
117.71136641801411 0.02762233107332924 -0.1098329620109828 0.0097429153520068 0.002119865598545189
122.2387266648608 0.018605341964155787 -0.14100036956480544 0.008046421113951886 0.0014897686911653366
126.7660869117075 0.011748555702629717 -0.18433390234734137 0.006439333491663568 9.057364545115822E-4
131.29344715855422 0.0067752129792790225 -0.2492088797554599 0.004924318358095889 3.6935009793116617E-4
135.8208074054009 0.003413200201501908 -0.35779212588702425 0.0035029731394680876 -1.1815839240466067E-4
140.3481676522476 0.001401249738963435 -0.5741865808247439 0.0021758685793686304 -5.558513511663618E-4
144.8755278990943 4.939439052800018E-4 -1.1096959795934334 9.426043795389891E-4 -9.430263718352891E-4
149.40288814594098 4.655173252498578E-4 -2.0485335572044745 -1.9812085844785553E-4 -0.0012791547987108258
153.9302483927877 0.0011124974819945294 -2.568584585000317 -0.0012484250597043483 -0.0015638200722348824
158.45760863963437 0.002255263228775011 -2.783321595665834 -0.0022111434606011332 -0.0017966587769686823
162.98496888648108 0.003738634947914985 -2.896378765310117 -0.003089715284185508 -0.001977307681189267
167.51232913332777 0.0054316365792145835 -2.9693773370134684 -0.00388805757111189 -0.0021053603155525417
172.03968938017448 0.00722658752015213 -3.023921602688886 -0.0046104282932437025 -0.0021803366567077188
176.56704962702116 0.009037690176707892 -3.069343105946529 -0.005261281792180985 -0.002201669219795309
181.09440987386787 0.01079927596921993 -3.1103821020589235 -0.005845120462705367 -0.0021687083047687667
185.62177012071456 0.012463858924548151 -3.1497755301057095 -0.006366347348687567 -0.0020807482955218846
190.14913036756127 0.014000122671145785 -3.1892772849790996 -0.006829124850274861 -0.0019370758152808456
194.67649061440795 0.015390935817109569 -3.2301085700647176 -0.007237244985782037 -0.0017370392593729024
199.20385086125467 0.016631455403241086 -3.2731716163232525 -0.007594016562513463 -0.0014801378410071052
203.73121110810135 0.017727342129193 -3.319153721466839 -0.007902174169039823 -0.0011661268952402877
208.25857135494806 0.018693078366125004 -3.368575425947836 -0.008163813119371406 -7.951348954615756E-4
212.78593160179474 0.019550354395886996 -3.421808060826664 -0.008380353399256886 -3.6778654774477997E-4
217.31329184864143 0.02032647294881013 -3.4790741166796595 -0.008552534355206141 1.1467446768026392E-4
221.84065209548814 0.021052718898377263 -3.5404391091082372 -0.008680440416708141 6.502699700521463E-4
226.36801234233482 0.02176265039633415 -3.6058019268829815 -0.008763556652503073 0.0012361858499139932
230.89537258918153 0.022490288668556537 -3.674890105245308 -0.008800851536577677 0.0018686912169189154
235.42273283602822 0.02326821345169818 -3.747265822967951 -0.008790883036348646 0.002543083786132205
239.95009308287493 0.024125605643289635 -3.8223468066953297 -0.008731923117048944 0.0032536659878543888
244.4774533297216 0.025086313320702592 -3.8994433794106227 -0.008622095043868728 0.003993754821431736
249.00481357656832 0.02616704675321476 -3.977808999807899 -0.008459517492097869 0.004755726818810851
253.532173823415 0.027375827685746458 -4.056697929903472 -0.008242449452620482 0.005531097749486392
258.0595340702617 0.028710824364932327 -4.135421525967092 -0.007969430225739363 0.006310635000629398
262.58689431710843 0.030159694452796783 -4.213394958989951 -0.007639409386734898 0.007084499015750944
267.1142545639551 0.03169953301101497 -4.290168775243166 -0.00725186241949268 0.007842408870114663
271.6416148108018 0.03329748404044039 -4.36544348812643 -0.006806888675774308 0.008573826078189004
276.1689750576485 0.03491202534747184 -4.4390689264347225 -0.00630528934843291 0.009268150118045132
280.6963353044952 0.03649488285843927 -4.511032337559302 -0.005748624170803643 0.009914918940190207
285.2236955513419 0.03799347768632147 -4.581439979171512 -0.005139246504199805 0.010504007893824044
289.7510557981886 0.03935376297368061 -4.650496454076721 -0.0044803172973117995 0.011025821013432878
294.27841604503527 0.040523272686136695 -4.718484921874954 -0.0037757990587608905 0.011471469400557278
298.80577629188195 0.04145418459308272 -4.785750069538305 -0.0030304314588870365 0.011832932429536253
303.3331365387287 0.042106196335150566 -4.852684652128334 -0.0022496904686488744 0.012103198612302605
307.8604967855754 0.04244902653168449 -4.919719636649032 -0.0014397330676041331 0.012276384084619509
312.38785703242206 0.04246438038647349 -4.9873174759497205 -6.073295369617396E-4 0.01234782773976899
316.91521727926875 0.042147257929482485 -5.055967723126327 2.402147664596438E-4 0.012314162964420389
321.4425775261155 0.041506528808983686 -5.126183973757379 0.0010951464441604376 0.012173366672982173
325.96993777296217 0.04056474612453176 -5.198500908594148 0.001949358396331276 0.011924786861225764
330.49729801980885 0.039357219176041784 -5.2734699409151995 0.00279449016680563 0.01156915020076974
335.02465826665554 0.0379304079131331 -5.351651621377562 0.0036220331516575153 0.011108551288618493
339.5520185135023 0.03633973794949748 -5.4336025414510525 0.0044234396329503696 0.010546425084650611
344.07937876034896 0.03464696288539249 -5.519854115274884 0.005190234632736285 0.009887503862886919
348.60673900719564 0.03291721985451945 -5.610880562645003 0.005914129546111127 0.009137759725571435
353.1340992540423 0.031215934836253012 -5.70705411168593 0.006587136413305039 0.008304333440121109
357.66145950088907 0.029605736914178924 -5.808587518299068 0.007201681543672333 0.007395450110851868
362.18881974773575 0.028143536053561444 -5.9154680617076325 0.007750717028275334 0.006420322033332339
366.71617999458243 0.026877907854098347 -6.027393240883746 0.008227828494718932 0.0053890390289581935
371.2435402414291 0.025846911776884644 -6.143725042301319 0.00862733729107409 0.004312446634866117
375.7709004882758 0.025076447154321346 -6.263483416021603 0.008944395157239183 0.003202012727534639
380.29826073512254 0.02457922450618313 -6.3853958779171345 0.00917506937140028 0.0020696834705245717
384.8256209819692 0.024354399093914583 -6.508006416177737 0.009316416361869364 9.277298690209684E-4
389.3529812288159 0.02438788030621046 -6.629826618964166 0.009366541861010868 -2.114133507721659E-4
393.8803414756626 0.024653295776638055 -6.74949500534352 0.009324645853064192 -0.0013353143814602013
398.40770172250933 0.025113554813908173 -6.865907057984493 0.009191050830303752 -0.002431713937315126
402.935061969356 0.025722923743782877 -6.978290656482504 0.008967212215075168 -0.0034886949368146576
407.4624222162027 0.02642949816242582 -7.086221891130141 0.00865571021617475 -0.00449484915532107
411.9897824630494 0.027177935796267837 -7.189593587008443 0.008260222849350003 -0.005439437631263517
416.5171427098961 0.027912300215750124 -7.288556779996079 0.007785480342194885 -0.0063125416288610245
421.0445029567428 0.028578861086568014 -7.383454236759195 0.007237201639819632 -0.007105201104425196
425.5718632035895 0.0291287013311063 -7.474759142928019 0.006622014205028533 -0.007809537880476939
430.09922345043617 0.02951999518501125 -7.5630254800494106 0.0059473587419128175 -0.008418861084582263
434.62658369728285 0.029719842684613952 -7.648851634295231 0.0052213808439869145 -0.008927752836184574
439.1539439441296 0.02970557408336153 -7.73285590454877 0.00445281186071555 -0.009332132641503038
443.6813041909763 0.02946547015780786 -7.815661356142077 0.0036508414784339267 -0.009629299461271067
448.20866443782296 0.028998879201995027 -7.89788723590364 0.0028249846184946145 -0.009817950928707941
452.73602468466964 0.02831574654898972 -7.980144385938051 0.0019849452687864468 -0.009898179699235784
457.2633849315164 0.02743560561037084 -8.063032432497295 0.0011404797925804 -0.009871447396571423
461.79074517836307 0.026386108786037633 -8.147136816343696 3.0126211424600193E-4 -0.009740537073051387
466.31810542520975 0.025201200526729688 -8.233023920755862 -5.232470181750468E-4 -0.00950948551929786
470.84546567205643 0.023919052008639096 -8.321232667867221 -0.001323924729219356 -0.009183497135232541
475.3728259189032 0.022579886355158407 -8.412261079111005 -0.002092102959550466 -0.008768841407210185
479.90018616574986 0.021223824596385273 -8.506546576550459 -0.0028196761981964355 -0.008272736320549793
484.42754641259654 0.019888875560872248 -8.604439440662983 -0.0034991987845409906 -0.007703220267950454
488.9549066594432 0.018609178150175057 -8.706170062723427 -0.004123970778974302 -0.007069015186161768
493.48226690628996 0.017413583015926146 -8.811812589538885 -0.0046881115938135435 -0.0063793837592162105
498.00962715313665 0.01632463413476297 -8.92125015091899 -0.00518662074545422 -0.005643983560173457
502.53698739998333 0.015357981198266982 -9.03414949278697 -0.005615425240709944 -0.00487272095972942
507.06434764683 0.014522223437334201 -9.149954316549767 -0.005971413253736555 -0.0040756075069172904
511.5917078936767 0.013819156902131932 -9.267905438928697 -0.0062524538946259825 -0.003262621285975464
516.1190681405234 0.013244372579524485 -9.387091070780212 -0.0064574030256407755 -0.002443575480390433
520.6464283873701 0.012788133904086972 -9.506522752257133 -0.006586095252496126 -0.0016279960411993769
525.1737886342169 0.012436450447786643 -9.62522451707025 -0.006639322408537797 -8.250099776217481E-4
529.7011488810635 0.012172260349153611 -9.742318355655762 -0.0066187990569549875 -4.3245383596816444E-5
534.2285091279102 0.011976637069632827 -9.85709032051372 -0.006527115753546409 7.092560940801298E-4
538.7558693747569 0.011829945326633203 -9.969027995306565 -0.00636768102938179 0.0014251140288530316
543.2832296216036 0.01171288497612886 -10.077828361062174 -0.006144653255799723 0.0020976712592962717
547.8105898684503 0.011607378304310793 -10.183381822260891 -0.005862863729647218 0.0027210435251973355
552.337950115297 0.011497273678151893 -10.285741392695353 -0.005527732451827973 0.003290157231078804
556.8653103621436 0.011368855029381017 -10.385085917640986 -0.005145178157527858 0.003800776011517859
561.3926706089904 0.01121116082676002 -10.48168405935246 -0.004721524186978299 0.004249516832199463
565.9200308558371 0.01101612716239595 -10.575863048877189 -0.004263401761839455 0.004633856348835656
570.4473911026838 0.010778577018368853 -10.667983859190368 -0.0037776521603966316 0.0049521281762522264
574.9747513495305 0.010496081859198082 -10.75842284994103 -0.003271229175877274 0.005203511610292399
579.5021115963772 0.010168722950460321 -10.847559049853423 -0.0027511031109961914 0.005388012216928961
584.0294718432239 0.009798778979275388 -10.935765890342257 -0.0022241674246396463 0.00550643457821676
588.5568320900705 0.00939036443695469 -11.023406175760808 -0.0016971490191545282 0.00556034738425537
593.0841923369172 0.008949040509942665 -11.110829209927967 -0.0011765230519972338 0.0055520410016448776
597.6115525837639 0.008481417414134086 -11.198369190492933 -6.68433081892383E-4 0.005484477644475128
602.1389128306107 0.00799476447405442 -11.286344174282238 -1.7861731965073053E-4 0.005361234330032021
606.6662730774574 0.007496641855899819 -11.375055081261316 2.876582564270221E-4 0.005186438917788065
611.1936333243041 0.006994565623756664 -11.464784333872359 7.256591508272717E-4 0.0049646996999854805
615.7209935711508 0.006495715542354419 -11.555793824260057 0.0011312331816307362 0.00470102922252236
620.2483538179974 0.006006692649838869 -11.648321972083451 0.0015008521028365732 0.004400763248690913
624.7757140648441 0.0055333309986033774 -11.742579692156571 0.0018316432544353777 0.004069476015490311
629.3030743116908 0.005080565149413952 -11.838745149797152 0.002121410546281669 0.0037128931516590847
633.8304345585375 0.0046523521510984 -11.936957261999684 0.002368644207320956 0.003336803808092639
638.3577948053843 0.004251644069275866 -12.037308026551262 0.0025725189179291617 0.002946973677514943
642.885155052231 0.0038804048924103085 -12.13983395009372 0.0027328801879337194 0.002549060637979824
647.4125152990777 0.0035396640585243547 -12.24450711226751 0.002850219137008333 0.0021485347361472748
651.9398755459243 0.0032295980456277617 -12.351226737945765 0.002925636161843707 0.0017506041294157375
656.467235792771 0.002949631475689364 -12.459812509481274 0.0029607943152398972 0.0013601484350306515
660.9945960396177 0.0026985499015031744 -12.570001146894938 0.00295786355282425 9.816606989643414E-4
665.5219562864644 0.002474617687004439 -12.68144788686293 0.002919457300081167 6.191989121155395E-4
670.0493165333111 0.0022756959050328337 -12.793734263016194 0.0028485630346819064 2.763476840769785E-4
674.5766767801578 0.0020993567017676324 -12.906382942553208 0.0027484687500641445 -4.380964486113353E-5
679.1040370270046 0.0019429918884354825 -13.018879339512168 0.002622687255177954 -3.38708494667448E-4
683.6313972738512 0.0018039144629905023 -13.13069849605656 0.0024748802684671075 -6.063104762457582E-4
688.1587575206979 0.001679452271277926 -13.241334623592888 0.0023087841845039693 -8.451013522015164E-4
692.6861177675446 0.0015670331134693747 -13.350330069241704 0.002128139238331374 -0.0010540803182097452
697.2134780143913 0.0014642603882145744 -13.45730053588004 0.001936623579257534 -0.0012327415356341612
701.740838261238 0.0013689779951775757 -13.561954120219902 0.0017377935092805442 -0.0013810489250034393
706.2681985080847 0.0012793228564787374 -13.664102902175888 0.001535030859149118 -0.0014994052517797811
710.7955587549313 0.0011937632268614275 -13.763667064678856 0.0013314981841563301 -0.0015886165092312038
715.3229190017781 0.001111121060476253 -13.860672524913298 0.0011301021767332723 -0.0016498525403926478
719.8502792486248 0.0010305771516466746 -13.955243634303013 9.334654252180648E-4 -0.0016846047564976017
724.3776394954715 9.516585650708271E-4 -14.047592636811938 7.439064057747794E-4 -0.001694641717888062
728.9049997423182 8.742089504932999E-4 -14.138007362310638 5.634273819776832E-4 -0.0016819632591891336
733.4323599891649 7.983435764922996E-4 -14.226838220562769 3.93709706054256E-4 -0.001648753774777783
737.9597202360115 7.243921593755724E-4 -14.314485089096248 2.3611586743827007E-4 -0.0015973352407223646
742.4870804828582 6.528336339893726E-4 -14.401384254939742 9.169751757689767E-5 -0.0015301205381772168
747.0144407297049 5.842277527596733E-4 -14.487995237226986 -3.8791385659469924E-5 -0.0014495676584513589
751.5418009765516 5.191486832150141E-4 -14.574787120399264 -1.5487722508286715E-4 -0.0013581354047137097
756.0691612233984 4.581255355678402E-4 -14.662223991341502 -2.563460966082734E-4 -0.0012582412487875773
760.5965214702451 4.015939941685452E-4 -14.750749223084195 -3.432208306814398E-4 -0.001152222040471177
765.1238817170918 3.4986202679617313E-4 -14.840768705438325 -4.157365428104365E-4 -0.0010422982872311812
769.6512419639384 3.030911456958654E-4 -14.932633692719445 -4.743155166492313E-4 -9.305427109245619E-4
774.1786022107851 2.6129308120150375E-4 -15.026624672456816 -5.195421158019774E-4 -8.188537351980071E-4
778.7059624576318 2.243402073978546E-4 -15.122938417022326 -5.521382876632938E-4 -7.089344565220292E-4
783.2333227044785 1.919868203067533E-4 -15.221680906885123 -5.72940072156993E-4 -6.022775029370403E-4
787.7606829513252 1.6389755961624316E-4 -15.322868765829714 -5.828753708603387E-4 -5.001559928342818E-4
792.288043198172 1.3967896601258756E-4 -15.426440904855628 -5.829430803401638E-4 -4.0362058232210746E-4
796.8154034450187 1.1891038154721544E-4 -15.532280123625085 -5.741935609490312E-4 -3.1350234940619913E-4
801.3427636918653 1.0117105900680607E-4 -15.640241747518271 -5.577103113722578E-4 -2.3042102487790545E-4
805.870123938712 8.606131660864493E-5 -15.750183690189619 -5.345926599002513E-4 -1.547978631109385E-4
810.3974841855587 7.321668932811855E-5 -15.861990555571413 -5.059392716705548E-4 -8.687226951273567E-5
814.9248444324054 6.231511383305422E-5 -15.975584319910134 -4.7283230767945344E-4 -2.6721180612115728E-5
819.4522046792521 5.307808800727271E-5 -16.090916111356048 -4.363221510909837E-4 2.5719861814722595E-5
823.9795649260988 4.526736032648154E-5 -16.207937482623702 -3.97412728519121E-4 7.063498527656688E-5
828.5069251729454 3.8678978496917E-5 -16.326554852124296 -3.5704758309895273E-4 1.083065685438264E-4
833.0342854197922 3.3136470489930926E-5 -16.446576696415864 -3.1609698385252915E-4 1.39094946948096E-4
837.5616456666389 2.8484606206333517E-5 -16.567668354171754 -2.753464628340876E-4 1.6341986956583214E-4
842.0890059134856 2.458469214837036E-5 -16.68933192434396 -2.3548724016595368E-4 1.8174412365253454E-4
846.6163661603323 2.1311797312710093E-5 -16.810926238999194 -1.971090137001401E-4 1.94559523041228E-4
851.143726407179 1.8553802256896938E-5 -16.931732852901217 -1.6069554697157223E-4 2.0237525314454672E-4
855.6710866540257 1.6211786678184933E-5 -17.05106015141303 -1.266233858943442E-4 2.0570839318378897E-4
860.1984469008723 1.4201069540886184E-5 -17.168364486991653 -9.516387846135761E-5 2.050763093993923E-4
864.725807147719 1.245219581399327E-5 -17.283361176053116 -6.6488476732658E-5 2.0099053871977225E-4
869.2531673945657 1.0911296038163543E-5 -17.39610209099802 -4.067708631452938E-5 1.939517619283263E-4
873.7805276414125 9.539475596151174E-6 -17.507007376096 -1.7729018206113733E-5 1.844454940555772E-4
878.3078878882592 8.311155902974059E-6 -17.61684976190342 2.4240853995372267E-6 1.7293818778101757E-4
882.8352481351059 7.211530148374193E-6 -17.726695408553457 1.990411522374926E-5 1.598735397851245E-4
887.3626083819526 6.233467682693938E-6 -17.837803739348875 3.4871984694604785E-5 1.45668895305565E-4
891.8899686287992 5.3742814925377504E-6 -17.951483235451626 4.751358097464807E-5 1.3071174799178425E-4
896.4173288756459 4.6327627587749984E-6 -18.06889676029866 5.802694004767208E-5 1.1535641797499406E-4
900.9446891224926 4.006803566772877E-6 -18.1908170757403 6.661127137447861E-5 9.992105182675962E-5
905.4720493693393 3.491802367685157E-6 -18.317359108992193 7.345827094036627E-5 8.468511903265073E-5
909.9994096161861 3.079908061406417E-6 -18.447760069461044 7.874594603412645E-5 6.988758051168414E-5
914.5267698630328 2.760034369191217E-6 -18.580318653594247 8.26349541625212E-5 5.572587934328302E-5
919.0541301098795 2.5184845188866064E-6 -18.712591828319443 8.526725529489225E-5 4.2355859021565506E-5
923.5814903567261 2.3399751841223148E-6 -18.841847551390252 8.676671131257765E-5 2.9892658709942858E-5
928.1088506035728 2.20883725525689E-6 -18.96562867657316 8.724115384845005E-5 1.841257677708204E-5
932.6362108504195 2.1101922971381088E-6 -19.082212874816836 8.678538933086975E-5 7.955840834918826E-6
937.1635710972662 2.0309471571630714E-6 -19.19082222256909 8.548461797290922E-5 -1.4698201795036868E-6
941.6909313441129 1.960504169379262E-6 -19.291579031648414 8.341780433607607E-5 -9.884936185758263E-6
946.2182915909596 1.891140942960082E-6 -19.385305413740646 8.066063766084075E-5 -1.7333540108691334E-5
950.7456518378063 1.8180641465316135E-6 -19.473277106432878 7.728784327514143E-5 -2.387805533958415E-5
955.273012084653 1.73918084750768E-6 -19.557000856242883 7.337473367647987E-5 -2.959398784501518E-5
959.8003723314997 1.6546562302585302E-6 -19.638037677724256 6.899800229513478E-5 -3.456458494270038E-5
964.3277325783464 1.566337651561541E-6 -19.717865211615795 6.423585111049997E-5 -3.887562555371149E-5
968.8550928251931 1.477123756218268E-6 -19.7977625517873 5.916759716948258E-5 -4.2610513148577416E-5
973.3824530720398 1.3903470050779154E-6 -19.87870423155574 5.38729207454087E-5 -4.584585166849638E-5
977.9098133188864 1.309222462179806E-6 -19.96126123737798 4.843090346196448E-5 -4.8647692943398175E-5
982.4371735657331 1.2363989866125067E-6 -20.04552190576301 4.2918967188271047E-5 -5.106864606168209E-5
986.9645338125799 1.173634151861306E-6 -20.131058879171974 3.741177600514416E-5 -5.3146028299972204E-5
991.4918940594266 1.1216028785287576E-6 -20.216971583357513 3.1980117052635036E-5 -5.490120748523496E-5
996.0192543062733 1.0798418348885915E-6 -20.302019220866544 2.6689743174431176E-5 -5.634023276702791E-5
1000.54661455312 1.0468256279286759E-6 -20.384828305908766 2.160014910672918E-5 -5.7455773620039474E-5
1005.0739747999667 1.0201644762264141E-6 -20.464126584024374 1.6763266783473238E-5 -5.823028846999935E-5
1009.6013350468133 9.969045652646225E-7 -20.538942840171917 1.2222101959718283E-5 -5.8640232049675456E-5
1014.12869529366 9.739011376642222E-7 -20.608728527678327 8.009386493175176E-6 -5.866099586671E-5
1018.6560555405067 9.482220573419761E-7 -20.673390642416585 4.146377085066197E-6 -5.8272173282005444E-5
1023.1834157873534 9.175294907614337E-7 -20.73325463100782 6.419789042971325E-7 -5.746266501670244E-5
1027.7107760342 8.803837899829719E-7 -20.788988140017263 -2.5076015190571498E-6 -5.623510667337788E-5
1032.2381362810468 8.364202844197294E-7 -20.841511800477843 -5.318475586518677E-6 -5.460911790603709E-5
1036.7654965278934 7.863677143896787E-7 -20.891910275696173 -7.817808672843253E-6 -5.262294855889791E-5
1041.2928567747401 7.319041183454112E-7 -20.941343272964122 -1.0041597309281306E-5 -5.033322881386822E-5
1045.820217021587 6.753762554124622E-7 -20.990946517673944 -1.2031521492935778E-5 -4.781270895073731E-5
1050.3475772684337 6.194342490942086E-7 -21.041709257230227 -1.3831032679282881E-5 -4.5146083359728216E-5
1054.8749375152804 5.666468238042641E-7 -21.094320575869244 -1.548096452659251E-5 -4.242421085626233E-5
1059.402297762127 5.191603815235563E-7 -21.148995144805546 -1.701506093163909E-5 -3.973724371925825E-5
1063.9296580089738 4.784484551423593E-7 -21.205319692667263 -1.845588617110525E-5 -3.7167335549781705E-5
1068.4570182558205 4.451729676825746E-7 -21.262191743934512 -1.9811600520565953E-5 -3.478169049978531E-5
1072.9843785026671 4.191541490965462E-7 -21.31792335242428 -2.1074043109652057E-5 -3.2626727462648824E-5
1077.5117387495138 3.9943001762737134E-7 -21.370528488956083 -2.221846128272415E-5 -3.072405520205054E-5
1082.0390989963605 3.843828642854577E-7 -21.418118293280646 -2.320507006886362E-5 -2.9068791403178132E-5
1086.5664592432072 3.7191703484411995E-7 -21.459260074375045 -2.398243210323066E-5 -2.763052436424946E-5
1091.0938194900539 3.596822643313392E-7 -21.493173832963944 -2.44924392861685E-5 -2.6356934315048997E-5
1095.6211797369006 3.4534100833775857E-7 -21.51972945351377 -2.4676478017165942E-5 -2.5179793210982202E-5
1100.1485399837472 3.268706179145254E-7 -21.539295626095985 -2.4482195755715142E-5 -2.4022782066907336E-5
1104.675900230594 3.028722312661568E-7 -21.552524714322708 -2.3870180618913763E-5 -2.281033772445242E-5
1109.2032604774406 2.72835528144264E-7 -21.560138996477537 -2.281983416354309E-5 -2.147659578846637E-5
1113.7306207242873 2.3729414298160054E-7 -21.562744169052188 -2.1333768176000305E-5 -1.9973453946808457E-5
1118.257980971134 1.9781188400887325E-7 -21.56065849390207 -1.9440186917782732E-5 -1.827684888455086E-5
1122.7853412179809 1.567697515422324E-7 -21.553712574739684 -1.7192914439518987E-5 -1.639051609827876E-5
1127.3127014648276 1.1697286044821821E-7 -21.54092841885931 -1.4668971014080627E-5 -1.4346767457388397E-5
1131.8400617116743 8.115011208992252E-8 -21.51988263434042 -1.196386578361118E-5 -1.2204147249234069E-5
1136.367421958521 5.1458681527378766E-8 -21.485273713724474 -9.185023650076595E-6 -1.0042176424384226E-5
1140.8947822053676 2.9113862735719812E-8 -21.42534557978145 -6.443973324694257E-6 -7.9537258433298E-6
1145.4221424522143 1.4236195408877562E-8 -21.311989986618592 -3.848064909050583E-6 -6.035832820642169E-6
1149.949502699061 5.949023350824044E-9 -21.072851483959788 -1.4925418559562193E-6 -4.379957740325684E-6
1154.4768629459077 2.689153754253008E-9 -20.567931053359374 5.462437861681887E-7 -3.062746097830382E-6
