64 64
36.21888197477357 -0.31113729054923794 465.1512229840858
0.0 0.0 0.0 0.0 0.0 0.0 0.0 0.0 0.0 0.0 0.0 0.0 0.0 0.0 0.0 0.0 0.0 0.0 0.0 0.0 0.0 0.0 0.0 0.0 0.0 0.0 0.0 0.0 0.0 0.0 0.0 0.0 0.0 0.0 0.0 0.0 0.0 0.0 0.0 0.0 0.0 0.0 0.0 0.0 0.0 0.0 0.0 0.0 0.0 0.0 0.0 0.0 0.0 0.0 0.0 0.0 0.0 0.0 0.0 0.0 0.0 0.0 0.0 0.0 
0.0 0.0 0.0 0.0 0.0 0.0 0.0 0.0 0.0 0.0 0.0 0.0 0.0 0.0 0.0 0.0 0.0 0.0 0.0 0.0 0.0 0.0 0.0 0.0 0.0 0.0 0.0 0.0 0.0 0.0 0.0 0.0 0.0 0.0 0.0 0.0 0.0 0.0 0.0 0.0 0.0 0.0 0.0 0.0 0.0 0.0 0.0 0.0 0.0 0.0 0.0 0.0 0.0 0.0 0.0 0.0 0.0 0.0 0.0 0.0 0.0 0.0 0.0 0.0 
0.0 0.0 0.0 0.0 0.0 0.0 0.0 0.0 0.0 0.0 0.0 0.0 0.0 0.0 0.0 0.0 0.0 0.0 0.0 0.0 0.0 0.0 0.0 0.0 0.0 0.0 0.0 0.0 0.0 0.0 0.0 0.0 0.0 0.0 0.0 0.0 0.0 0.0 0.0 0.0 0.0 0.0 0.0 0.0 0.0 0.0 0.0 0.0 0.0 0.0 0.0 0.0 0.0 0.0 0.0 0.0 0.0 0.0 0.0 0.0 0.0 0.0 0.0 0.0 
0.0 0.0 0.0 0.0 0.0 0.0 0.0 0.0 0.0 0.0 0.0 0.0 0.0 0.0 0.0 0.0 0.0 0.0 0.0 0.0 0.0 0.0 0.0 0.0 0.0 0.0 0.0 0.0 0.0 0.0 0.0 0.0 0.0 0.0 0.0 0.0 0.0 0.0 0.0 0.0 0.0 0.0 0.0 0.0 0.0 0.0 0.0 0.0 0.0 0.0 0.0 0.0 0.0 0.0 0.0 0.0 0.0 0.0 0.0 0.0 0.0 0.0 0.0 0.0 
0.0 0.0 0.0 0.0 0.0 0.0 0.0 0.0 0.0 0.0 0.0 0.0 0.0 0.0 0.0 0.0 0.0 0.0 0.0 0.0 0.0 0.0 0.0 0.0 0.0 0.0 0.0 0.0 0.0 0.0 0.0 0.0 0.0 0.0 0.0 0.0 0.0 0.0 0.0 0.0 0.0 0.0 0.0 0.0 0.0 0.0 0.0 0.0 0.0 0.0 0.0 0.0 0.0 0.0 0.0 0.0 0.0 0.0 0.0 0.0 0.0 0.0 0.0 0.0 
0.0 0.0 0.0 0.0 0.0 0.0 0.0 0.0 0.0 0.0 0.0 0.0 0.0 0.0 0.0 0.0 0.0 0.0 0.0 0.0 0.0 0.0 0.0 0.0 0.0 0.0 0.0 0.0 0.0 0.0 0.0 0.0 0.0 0.0 0.0 0.0 0.0 0.0 0.0 0.0 0.0 0.0 0.0 0.0 0.0 0.0 0.0 0.0 0.0 0.0 0.0 0.0 0.0 0.0 0.0 0.0 0.0 0.0 0.0 0.0 0.0 0.0 0.0 0.0 
0.0 0.0 0.0 0.0 0.0 0.0 0.0 0.0 0.0 0.0 0.0 0.0 0.0 0.0 0.0 0.0 0.0 0.0 0.0 0.0 0.0 0.0 0.0 0.0 0.0 0.0 0.0 0.0 0.0 0.0 0.0 0.0 0.0 0.0 0.0 0.0 0.0 0.0 0.0 0.0 0.0 0.0 0.0 0.0 0.0 0.0 9.622410917899041E-6 8.016158937173261E-6 0.0 0.0 0.0 0.0 0.0 0.0 0.0 0.0 0.0 0.0 0.0 0.0 0.0 0.0 0.0 0.0 
0.0 0.0 0.0 0.0 0.0 0.0 0.0 0.0 0.0 0.0 0.0 0.0 0.0 0.0 0.0 0.0 0.0 0.0 0.0 0.0 0.0 0.0 0.0 0.0 0.0 0.0 0.0 0.0 0.0 0.0 0.0 0.0 0.0 0.0 0.0 2.0148630623288724E-4 1.608293290372173E-4 0.0 0.0 0.0 0.0 0.0 0.0 0.0 0.0 0.0 1.5412573417233886E-4 6.833722762806183E-5 0.0 0.0 0.0 0.0 0.0 0.0 0.0 0.0 0.0 0.0 0.0 0.0 0.0 0.0 0.0 0.0 
0.0 0.0 0.0 0.0 0.0 0.0 0.0 0.0 0.0 0.0 0.0 0.0 0.0 0.0 0.0 0.0 0.0 0.0 0.0 0.0 0.0 0.0 0.0 0.0 0.0 0.0 0.0 0.0 0.0 0.0 0.0 0.0 0.0 0.0 0.0 9.060125609183996E-4 9.666785211496988E-4 2.8307585709725605E-4 2.6861953211865773E-4 0.0 0.0 0.0 0.0 0.0 0.0 1.0270296845262897E-4 1.3120249556193523E-4 1.1144568747773696E-4 0.0 0.0 0.0 0.0 0.0 0.0 0.0 0.0 0.0 0.0 0.0 0.0 0.0 0.0 0.0 0.0 
0.0 0.0 0.0 0.0 0.0 0.0 0.0 0.0 0.0 0.0 0.0 0.0 0.0 0.0 0.0 0.0 0.0 0.0 0.0 0.0 0.0 0.0 0.0 0.0 0.0 0.0 0.0 0.0 0.0 0.0 0.0 0.0 0.0 0.0 1.7461109054637202E-4 0.0012423110087336176 0.0023687618302590677 0.0015010975136130532 0.0012775834762829143 5.423165447706069E-4 0.0 1.3194968793483276E-4 1.6519464887652891E-4 5.410771497321767E-4 3.1083904520789053E-4 2.261851424370805E-4 7.940946784875303E-4 0.0 0.0 0.0 0.0 0.0 0.0 0.0 0.0 0.0 0.0 0.0 0.0 0.0 0.0 0.0 0.0 0.0 
0.0 0.0 0.0 0.0 0.0 0.0 0.0 0.0 0.0 0.0 0.0 0.0 0.0 0.0 0.0 0.0 0.0 1.3286047708130558E-4 5.152071329727362E-5 1.9016816451126945E-6 0.0 0.0 0.0 0.0 0.0 0.0 0.0 0.0 0.0 0.0 0.0 0.0 0.0 1.9711725821329747E-5 0.0013237278829306344 0.00249279699248955 0.0036761905442074206 0.003982530895752099 0.0029014143155593522 0.0020682386018206927 0.0010276397002648595 0.0010966758896902228 7.871856130528858E-4 9.743603170223249E-4 5.571111788846485E-4 2.4519840711882907E-4 2.544986170819394E-4 2.650106848076945E-6 0.0 0.0 0.0 0.0 0.0 0.0 0.0 0.0 0.0 0.0 0.0 0.0 0.0 0.0 0.0 0.0 
0.0 0.0 0.0 0.0 0.0 0.0 0.0 0.0 0.0 0.0 0.0 0.0 0.0 0.0 0.0 0.0 0.0 2.1700949884271832E-4 1.6085709916764868E-4 1.267106092638183E-4 0.0 0.0 0.0 0.0 0.0 0.0 0.0 0.0 0.0 0.0 0.0 0.0 0.0 3.4691772919601013E-4 0.0023426908280616237 0.004210015926888355 0.0060105893661927656 0.007721852449128085 0.00553662841874261 0.004545750611386056 0.00365141468735363 0.0030163422052207492 0.002451272804314494 0.0027183938531827223 0.0012109593194919181 9.361121850797493E-4 3.626628818456639E-4 5.041505395326604E-5 0.0 0.0 0.0 0.0 0.0 0.0 0.0 0.0 0.0 0.0 0.0 0.0 0.0 0.0 0.0 0.0 
0.0 0.0 0.0 0.0 0.0 0.0 0.0 0.0 0.0 0.0 0.0 0.0 0.0 0.0 0.0 0.0 0.0 9.922824075169589E-5 2.7265889529748773E-4 1.5656225197085768E-4 0.0 0.0 0.0 0.0 0.0 0.0 0.0 0.0 0.0 0.0 0.0 0.0 7.527245364705466E-4 0.0015141582665103845 0.0030328514386958405 0.007303478708112106 0.01150487939926069 0.012139214698899833 0.00899240061269721 0.007805283685480321 0.007014196160582739 0.005194920283781333 0.003702616672140478 0.0038375929396713814 0.0017515905645501021 5.681950454434475E-4 5.626439686355649E-4 2.382446767251321E-4 0.0 0.0 0.0 0.0 0.0 0.0 0.0 0.0 0.0 0.0 0.0 0.0 0.0 0.0 0.0 0.0 
0.0 0.0 0.0 0.0 0.0 0.0 0.0 0.0 0.0 0.0 0.0 0.0 0.0 0.0 0.0 0.0 0.0 1.9750339040382314E-4 6.445177568298415E-4 1.029471051907997E-4 0.0 1.48605173404218E-5 0.0 0.0 0.0 0.0 0.0 0.0 0.0 0.0 0.0 6.897047950263421E-5 0.0018999948998042401 0.0029811562359322447 0.005536312949387244 0.012782928643818912 0.018544724429625386 0.01660387683161518 0.014026508438871961 0.013160937982604464 0.011862393389339023 0.009356739453928307 0.007101903628383125 0.00625741228366927 0.00416465862557458 0.0015741131427918671 0.0010696186808165954 2.796505099928022E-4 4.871275934171264E-5 0.0 0.0 0.0 0.0 0.0 0.0 0.0 0.0 0.0 0.0 0.0 0.0 0.0 0.0 0.0 
0.0 0.0 0.0 0.0 0.0 0.0 0.0 0.0 0.0 0.0 0.0 0.0 0.0 0.0 0.0 1.3942558497653722E-4 6.794236979832191E-6 2.9507039383228585E-5 4.055461930121724E-5 6.771534150970188E-5 7.804154217723224E-6 1.1724864287796482E-4 1.178235371203735E-5 0.0 0.0 0.0 0.0 0.0 0.0 0.0 0.0 4.104895530119017E-4 0.003160469915935799 0.0048279625231730456 0.009448481278574136 0.01981429291051268 0.024077481152982083 0.021085637882828093 0.020571449212622606 0.020398573150468034 0.01825936613654001 0.016744724712723858 0.014115353554355524 0.011128441730944294 0.0062092750183229415 0.0020437716235004242 0.0010399848691731491 8.160164668873923E-4 2.704807326227282E-4 1.7872883319641486E-5 0.0 0.0 0.0 0.0 0.0 0.0 0.0 0.0 0.0 0.0 0.0 0.0 0.0 0.0 
0.0 0.0 0.0 0.0 0.0 0.0 0.0 0.0 0.0 0.0 0.0 0.0 0.0 0.0 0.0 2.3886281592634483E-4 1.8303991042995253E-6 3.4550694251369595E-5 2.826544804260322E-4 2.495960999996361E-6 1.0471889598746378E-4 2.1464637692456874E-4 6.181022674024796E-5 1.9059148903659984E-4 0.0 0.0 0.0 0.0 0.0 0.0 0.0 0.0010596560684636772 0.0038140535397409307 0.006941269348823339 0.016025803188460603 0.023933982904805886 0.02565831119414013 0.023598873391511052 0.024436975001712238 0.025772339036468174 0.02292608428027036 0.019775082171077447 0.01613120017147484 0.011105949205074824 0.005765317991803887 0.0017797799056664479 0.0013110083603537328 3.8649559454015587E-4 3.9374439052516805E-4 4.418714818646893E-5 0.0 0.0 0.0 0.0 0.0 0.0 0.0 0.0 0.0 0.0 0.0 0.0 0.0 0.0 
0.0 0.0 0.0 0.0 0.0 0.0 0.0 0.0 0.0 0.0 0.0 0.0 0.0 0.0 0.0 7.587571348577812E-5 2.2552875538106774E-4 5.460060405585831E-6 4.2006411801570934E-4 1.6691286413044623E-4 3.405657691006644E-4 2.9639439563339193E-5 1.2534688021145028E-4 4.384903686306912E-4 0.0 0.0 0.0 0.0 0.0 0.0 0.0 6.441603241872403E-4 0.0022880579064446164 0.006490478994732855 0.01697452549048252 0.02349316806848195 0.024053532228386812 0.024540052564022714 0.02614317703703193 0.027010161747083813 0.02346343935960997 0.019024089164048737 0.015671569803020438 0.011282238080488591 0.005293701789557776 0.002219612679437471 9.171088333533345E-4 1.602700314640296E-4 3.482240611014006E-4 0.0 0.0 0.0 0.0 0.0 0.0 0.0 0.0 0.0 0.0 0.0 0.0 0.0 0.0 0.0 
0.0 0.0 0.0 0.0 0.0 0.0 0.0 0.0 0.0 0.0 0.0 0.0 0.0 0.0 0.0 3.173193036891258E-5 2.710692950062273E-4 1.279613624198202E-4 2.5965460789623695E-5 2.4935787414533594E-4 7.787945922885616E-4 2.3574843040721189E-4 1.477591623153304E-4 6.423023491388972E-5 0.0 0.0 2.552752675320729E-5 0.0 0.0 0.0 7.529338897252983E-5 0.0010406201537207617 0.003928202923686952 0.008940686543689782 0.015233003946796114 0.020876456560532743 0.02306259733288379 0.027087793325300428 0.030721453653779998 0.029500298912431923 0.02656605089721273 0.023142740525837282 0.018899809104795932 0.01343135848184706 0.007481052397523536 0.003166101816357084 0.0013849169496036149 0.0011941930059421663 6.825736729100973E-4 0.0 0.0 0.0 0.0 0.0 0.0 0.0 0.0 0.0 0.0 0.0 0.0 0.0 0.0 0.0 
0.0 0.0 0.0 0.0 0.0 0.0 0.0 0.0 0.0 0.0 0.0 0.0 0.0 0.0 0.0 6.757540444727373E-5 1.4292351049303382E-4 1.2305132089999746E-4 0.0 4.2015964309633993E-4 4.427667952304978E-4 5.344508008268948E-4 1.6126727087412173E-4 0.0 0.0 0.0 2.127641185271741E-5 1.3206915894870965E-4 0.0 0.0 4.72498626998762E-4 0.0017544181678551788 0.006636758418546764 0.011072153365459572 0.01656840074378636 0.02121953512076788 0.026500171377946247 0.031917020721261645 0.035734171544172966 0.032152904949979674 0.029734112441779877 0.02844493290334247 0.02276430041355169 0.015153815436986677 0.008295580430487406 0.004304553420737402 0.002683652847287351 0.0014511415125900726 0.0012289173689426316 0.0 0.0 0.0 0.0 0.0 0.0 0.0 0.0 0.0 0.0 0.0 0.0 0.0 0.0 0.0 
0.0 0.0 0.0 0.0 0.0 0.0 0.0 0.0 0.0 0.0 0.0 0.0 0.0 0.0 0.0 2.227853047471E-5 1.2758821632411865E-4 6.152149274093264E-4 1.4939462373779312E-4 2.7560493461690344E-4 9.722624479011674E-4 6.855246659615609E-4 7.693691366152313E-4 1.0972185560166885E-4 0.0 0.0 0.0 8.05415183039936E-5 5.509624910613079E-4 8.825898614104891E-4 0.001959983272483615 0.004336921697285881 0.008566000774342402 0.012721947494634026 0.018767238307127437 0.028223185361658885 0.03716300324820727 0.041084971325885206 0.0383194030203094 0.034133236500308944 0.03312425967195972 0.03360540765200975 0.025301404344321175 0.01706998210281768 0.009149098500695294 0.0048397952881726585 0.002688542123545934 0.002485477452233905 0.0019057818290936664 1.9586994506799038E-4 0.0 0.0 0.0 0.0 0.0 0.0 0.0 0.0 0.0 0.0 0.0 0.0 0.0 0.0 
0.0 0.0 0.0 0.0 0.0 0.0 0.0 0.0 0.0 0.0 0.0 0.0 0.0 0.0 0.0 3.627979672434116E-4 5.6844610045447E-4 3.238544597650969E-4 5.523399086954837E-4 2.0813224741871017E-4 6.346220925885123E-4 0.0011506315213112004 0.0013395961760249416 7.660203251081728E-4 3.7621173474487333E-4 0.0 0.0 0.0 0.0010592791289562545 0.0012993845925983948 0.002875820568091046 0.0052375128027009245 0.010188984990837271 0.020239315503439652 0.034647364542256906 0.04557840345485245 0.04791805947966806 0.04317752056297921 0.03635991736058514 0.033502202911358435 0.03738416707947557 0.03667530160606485 0.02558208530433955 0.016616339798221108 0.008935072873258329 0.005217590690634296 0.0035265796417357246 0.0039945922047616165 0.00277258174214741 8.697743712201687E-4 0.0 0.0 0.0 0.0 0.0 0.0 0.0 0.0 0.0 0.0 0.0 0.0 0.0 0.0 
0.0 0.0 0.0 0.0 0.0 0.0 0.0 0.0 0.0 0.0 0.0 0.0 0.0 0.0 0.0 4.0475130378524166E-4 4.661460708287278E-4 0.0012511681344964277 5.266811237315749E-4 9.311816995753939E-4 6.837791055231083E-4 9.726143912838797E-4 0.002347450302440629 0.0025290147261366517 0.0028838578425215596 0.0018963904962493957 5.102133529658438E-4 7.925444512222215E-6 6.996141704916807E-4 0.0010812510056866732 0.0036857844279168184 0.00787273236257729 0.023114927697468937 0.04631560311209584 0.06372001154992386 0.06092666995268288 0.04605765631341311 0.030077572964871346 0.028401457893847275 0.03267611532006257 0.042652758240614 0.0406112918274095 0.025729107961549435 0.016108771391311023 0.006976509346748743 0.0038756219257216683 0.004260952309606559 0.005764576321839872 0.004524274628295584 0.0011938274940114825 8.40873916413307E-5 0.0 0.0 0.0 0.0 0.0 0.0 0.0 0.0 0.0 0.0 0.0 0.0 0.0 
0.0 0.0 0.0 0.0 0.0 0.0 0.0 0.0 0.0 0.0 0.0 0.0 0.0 0.0 0.0 1.7191235837584243E-4 0.0010090388198977008 0.0011901071836240944 0.0017645642783546316 0.001401954514281929 8.365793825913164E-4 0.0015416483166488437 0.003439694719666293 0.005527315116120938 0.00797267499335518 0.008414790203126857 0.0051701982433665335 0.0030960986877869054 0.0014178649465802515 0.0023832528731069762 0.008575962237220618 0.023954749798250463 0.05722569998346069 0.08334158269418515 0.08376911675683844 0.06267139259594111 0.031727816270398605 0.017809904243323012 0.025417528414408346 0.036031851793756876 0.04637058478415537 0.041330824087720305 0.025603777299738343 0.014381319052477895 0.0062597512897730285 0.002897583835259521 0.004631677331616815 0.0072915467484783066 0.005973003492686338 0.001318410079049172 3.482871653310505E-4 0.0 0.0 0.0 0.0 0.0 0.0 0.0 0.0 0.0 0.0 0.0 0.0 0.0 
0.0 0.0 0.0 0.0 0.0 0.0 0.0 0.0 0.0 0.0 0.0 0.0 0.0 0.0 0.0 2.7324184479846185E-5 0.0011183133969607296 0.0015936486803556657 0.0028430428639094813 0.002855062905178844 0.001959884678914652 0.002107201903056077 0.004624661108915751 0.008660570004599053 0.013074522376235909 0.01692754237120518 0.01512307240140169 0.012788136611275992 0.009744604226440603 0.012949952694466272 0.03025700161015272 0.058799124377154656 0.08657807151051625 0.08908712678985091 0.06349075567575803 0.033112164572450954 0.01427781963536297 0.017546778107418864 0.03302800628810512 0.04720259880514304 0.04987856242993686 0.03895924844015978 0.024475148062072453 0.013019043134878748 0.0058974942362246385 0.003289339808494372 0.0064278262330144855 0.009202923437754635 0.007439003822431576 0.0028310723721623743 7.87739222748484E-4 2.763262273647673E-4 9.10665813255455E-5 0.0 0.0 0.0 0.0 0.0 0.0 0.0 0.0 0.0 0.0 0.0 
0.0 0.0 0.0 0.0 0.0 0.0 0.0 0.0 0.0 0.0 0.0 0.0 0.0 0.0 2.9244537391941573E-4 2.1163569884099907E-4 7.636353579352122E-4 0.0024734815245328148 0.004465212096561491 0.004610314309102498 0.004302470605875888 0.004396520115528317 0.0066792775709993354 0.011861786264930745 0.018264505190370556 0.023000443156837053 0.024101525988247694 0.023333042826332848 0.022247193080907886 0.031267260803518424 0.057825674089926435 0.08359059713786622 0.09925167444571971 0.07826709959458972 0.03962856661517256 0.012433519761640489 0.006929692607204987 0.026254996224318268 0.05016221766331605 0.06374639449501197 0.05756612203559159 0.03868300535838181 0.02552018460793521 0.012032415295624288 0.006423984662763268 0.004557790197431285 0.008282705076204544 0.010597133524691419 0.007671301178467564 0.003961961871941575 0.0016733051470007743 8.03264898466245E-4 3.1444365722184197E-4 0.0 0.0 0.0 0.0 0.0 0.0 0.0 0.0 0.0 0.0 0.0 
0.0 0.0 0.0 0.0 0.0 0.0 0.0 0.0 0.0 0.0 0.0 0.0 0.0 0.0 4.090728232821312E-4 3.9639067731085003E-4 0.0010443849256567914 0.004015214082182924 0.007582447379020406 0.0095541796237617 0.01122551469732997 0.010795098773269281 0.013734695892536642 0.01729043788062514 0.02251939292244395 0.024417780343025067 0.023508648930947427 0.023575770313503178 0.02679773482555097 0.04229205502414501 0.06663874196346069 0.07307576900758583 0.06058101227489146 0.034909349753021464 0.011775175168776042 0.004360459939510051 0.014508713555899593 0.0425404852646954 0.06719798566507142 0.07241101991348994 0.058107656415387635 0.03737253023589416 0.024332446189848176 0.012894197886978884 0.007158936336979008 0.005881541852195256 0.00820394809350529 0.009702382447667605 0.008383158704671151 0.005389763175421786 0.0033710798289382136 0.0018375198548975199 5.68286422771688E-4 1.429464309972328E-4 0.0 0.0 0.0 0.0 0.0 0.0 0.0 0.0 0.0 0.0 
0.0 0.0 0.0 0.0 0.0 0.0 0.0 0.0 0.0 0.0 0.0 0.0 0.0 0.0 1.382859522918053E-4 1.2570797380352677E-4 6.803832102900659E-4 0.0023725935158315924 0.006286395035453828 0.009906498526684914 0.014389778188415808 0.01748475370153959 0.021297384393911628 0.024180601435439025 0.026790769508336556 0.02569599507833381 0.01976447702231092 0.01541408542979363 0.01708050866234245 0.02398843360267493 0.030082971101198428 0.024136779851346483 0.010870766680019456 0.0037371233000040925 0.00581924080052822 0.018997671265322747 0.040988439858149255 0.06463185179471721 0.08114388037676586 0.07568978568858674 0.052251582527962775 0.03366840596772756 0.021778754336139194 0.01189663667683127 0.008230463598125785 0.00663565636364796 0.008642841087764455 0.007188593833858318 0.0073937825536011855 0.007111675193574668 0.005878570786876289 0.003265349875241515 7.896989540022798E-4 4.842973925464674E-4 0.0 0.0 0.0 0.0 0.0 0.0 0.0 0.0 0.0 0.0 
0.0 0.0 0.0 0.0 0.0 0.0 0.0 0.0 0.0 0.0 0.0 0.0 0.0 0.0 0.0 1.3316565815365514E-4 3.068997116689915E-4 0.00195002237770399 0.004588255285882532 0.010832773347967688 0.01710600958771994 0.024976557639380177 0.03232652012065209 0.041382112245726924 0.04473718316122102 0.045658191135180416 0.03723934606509201 0.027574758382687515 0.01887237161215797 0.01414440206488123 0.0114235119319755 0.009668347854706492 0.01391557004695754 0.03047464210665482 0.05170467916551768 0.07958992053204 0.09852640863008727 0.10304907853540045 0.10558635142472515 0.090880905945383 0.06066938262256237 0.04033386260707798 0.025138147218102078 0.01550928278821483 0.012125024549488685 0.012373426631968658 0.01090439856335735 0.006645382215049113 0.008470699333938087 0.009356125267559766 0.008779938369415275 0.005018002763469624 0.0017629603039205745 0.0011558560540381947 0.0 0.0 0.0 0.0 0.0 0.0 0.0 0.0 0.0 0.0 
0.0 0.0 0.0 0.0 0.0 0.0 0.0 0.0 0.0 0.0 0.0 0.0 0.0 0.0 0.0 3.052801383035687E-4 3.669690605707596E-4 0.0029033676502268585 0.007620490926785621 0.016563606429312355 0.029162162925906905 0.046643819360011156 0.05959270389175674 0.07888796198409596 0.09205831242313739 0.1061536387255863 0.10478793698250445 0.10824395666530245 0.10148154655894713 0.0854385204023412 0.09140885437134406 0.1130151272677223 0.12991221689058938 0.15757214433950795 0.17775911103469597 0.19802650887660808 0.19866203440303704 0.17705067935681001 0.15430502577892619 0.12044062525316082 0.08645940480518456 0.057871983086761884 0.03634889335415102 0.023195860786905408 0.019554473790813282 0.019029958910683816 0.015473470513838876 0.008732258324226928 0.010313512322287954 0.013686359336896936 0.012172760055682854 0.0074864923536305675 0.003676136028589788 0.001577609755911394 2.947656297098438E-4 0.0 0.0 0.0 0.0 0.0 0.0 0.0 0.0 0.0 
0.0 0.0 0.0 0.0 0.0 0.0 0.0 0.0 0.0 0.0 0.0 0.0 0.0 0.0 1.13817187731555E-4 3.927479121662812E-4 0.001448832661896253 0.006335118396959194 0.014811633064013754 0.028392610483019616 0.047242194455983315 0.07340347239878615 0.09848808843930523 0.13166318395705576 0.16851286776879681 0.20706979227307598 0.22701994813303067 0.26353350143402193 0.27639684560997874 0.3035031173700739 0.3254165171803164 0.3462820908586303 0.3629746435282234 0.3493881998569876 0.34817721089825293 0.33748008422832154 0.31764515608115784 0.2780808875050762 0.2222647778438068 0.16223585050042075 0.1195328109976203 0.0788879879097543 0.05201121028286765 0.034798683024014634 0.02936596039645303 0.02756366500393612 0.01945077015595884 0.010736865113014896 0.011384935572432649 0.01590841654632508 0.015254316119245052 0.009070456510862173 0.005130009994278654 0.002623791031529812 5.932167484301565E-4 8.818509850455894E-6 0.0 0.0 0.0 0.0 0.0 0.0 0.0 0.0 
0.0 0.0 0.0 0.0 0.0 0.0 0.0 0.0 0.0 0.0 0.0 0.0 0.0 5.562324045157349E-5 1.2056894366282429E-4 2.718822284566814E-4 0.0022778989423294085 0.009573729168993475 0.022804816359255787 0.04261494303734594 0.0703457957459608 0.10337962194528677 0.13642060803356756 0.18369445678468949 0.24730337022659127 0.31334039997744567 0.37732997901602683 0.47342757599353336 0.5373302787517895 0.6346715570486163 0.6671242901051682 0.6575008635832906 0.6615907661922168 0.5772117428698271 0.5383055150993615 0.4963968810564138 0.43536907772054834 0.38245752212612705 0.2865472563388881 0.2034461792574295 0.1468023052789415 0.0999844594585207 0.06158335622809873 0.04414970217171086 0.03892049737042352 0.0346415533730703 0.023077877607371657 0.01230354791237694 0.01268972656370143 0.018420767548765524 0.016546286448628263 0.009764245493519685 0.0054059225628224706 0.0031507562460737627 3.629133678864959E-4 5.731195239714727E-5 0.0 0.0 0.0 0.0 0.0 0.0 0.0 0.0 
0.0 0.0 0.0 0.0 0.0 0.0 0.0 0.0 0.0 0.0 0.0 0.0 0.0 4.361928257539161E-5 2.715455695259411E-4 2.4165750954074686E-4 0.002931928100765637 0.010437718625747933 0.02524650128564888 0.04428280456972476 0.07720092277656755 0.11845960731032697 0.16542856588590818 0.22802588370716265 0.2990169786045944 0.38650560487458846 0.48907979732120016 0.6449183189689011 0.7650185847170077 0.9311644418873035 0.9538931995911948 0.8853724462024516 0.8483926395725894 0.7527267673000827 0.6721048910687162 0.6000275638435548 0.5177521637217907 0.45304880552238486 0.32475524897766284 0.22894989540960067 0.15978868087782416 0.11069325778554405 0.06491965212813758 0.04594513366019878 0.040068185617298566 0.03485581613259501 0.023488801982050077 0.012170809462724882 0.011341645500803361 0.01761027879566351 0.016095610894278217 0.009762602871607847 0.005098388921483678 0.002748404703455339 3.9755785496522697E-4 1.8807878068328172E-5 0.0 0.0 0.0 0.0 0.0 0.0 0.0 0.0 
0.0 0.0 0.0 0.0 0.0 0.0 0.0 0.0 0.0 0.0 0.0 0.0 0.0 1.1356074496822633E-4 3.313191013341143E-4 5.494551595449663E-4 0.0023101520405512097 0.00993416190865701 0.024355045052809794 0.04727645520365997 0.08202336588260602 0.1278499514190441 0.18196173863891218 0.2511611948306582 0.3114717800649242 0.4083013128142508 0.5313506543024371 0.6957521219281313 0.8096162372116628 0.9525361895011694 1.0 0.9101350422421344 0.8566306968201826 0.761938389547755 0.6590410218312377 0.5732557875290712 0.513520452162726 0.43826628127920697 0.3114797776375182 0.22218880050343706 0.15448322526967317 0.10078633146903405 0.0607784612655177 0.0411693890360423 0.03372154354133564 0.03266752941893671 0.02253630888219067 0.012278998325297299 0.011971058219678463 0.015902509946204076 0.014657957946983978 0.00912864603795559 0.004740788441427051 0.0022433935458237198 5.929053844103364E-4 0.0 0.0 0.0 0.0 0.0 0.0 0.0 0.0 0.0 
0.0 0.0 0.0 0.0 0.0 0.0 0.0 0.0 0.0 0.0 0.0 0.0 0.0 2.220808150833467E-4 3.7641350871798254E-4 6.441564423142062E-4 0.002743428672056388 0.009572676153304652 0.023564377635650433 0.04297422251712271 0.07585988262253564 0.11038816496511736 0.1655702362070748 0.23618132868649278 0.2953277371550659 0.38627770005510975 0.49226055417860415 0.6095031619841436 0.6893805862070791 0.7636062303518545 0.8025830815964266 0.7461932483372234 0.6982453219692287 0.6116722277508626 0.5405639934275253 0.4622056369967871 0.4160814713966738 0.34873408347569235 0.24813889839782455 0.17877431172753827 0.12472232968715097 0.07872688990248668 0.047393367814020815 0.03193337451268186 0.025882895376003398 0.024912757025009207 0.019013277057962494 0.011922436518611895 0.011554459934570124 0.014851981850385968 0.012646111266360215 0.007994220612645273 0.003938608761658692 0.0014815957355194414 4.5937705681384406E-4 0.0 0.0 0.0 0.0 0.0 0.0 0.0 0.0 0.0 
0.0 0.0 0.0 0.0 0.0 0.0 0.0 0.0 0.0 0.0 0.0 0.0 0.0 1.0431899903805996E-4 1.517245287057199E-4 2.0292498293294535E-4 0.0022690605451197573 0.009026832242694082 0.022235843537031286 0.03999640078081808 0.06633413352668957 0.06947437476645223 0.13955892150424504 0.20394499982272055 0.2576517145507805 0.3217592110151524 0.38081726860285275 0.4341742121109416 0.4753104659166122 0.470811723587368 0.46869070079385333 0.438047194412929 0.40911534066354055 0.3725882083765153 0.3484997736900607 0.29879737539055784 0.27721541279591755 0.23339915712208947 0.1784721060593109 0.12930074652126067 0.08977166248336976 0.05580643958433989 0.03488520714625948 0.021698345688656754 0.018173379188553503 0.014850964748810732 0.013367095862703399 0.00943938671181657 0.009368218623267071 0.01165228956138012 0.00956916192840545 0.006362489619812398 0.002418549962318774 7.679433850726052E-4 1.307623086126517E-4 0.0 0.0 0.0 0.0 0.0 0.0 0.0 0.0 0.0 
0.0 0.0 0.0 0.0 0.0 0.0 0.0 0.0 0.0 0.0 0.0 0.0 0.0 0.0 1.283586783113727E-4 1.884822360682766E-4 0.0024097017525235936 0.008732507421748881 0.021573769440167288 0.037178602858108346 0.06285420175886401 0.0884237457301905 0.11560571100164355 0.15652849416813258 0.18900596188796384 0.21610582515626195 0.23729031050160704 0.24237420613783695 0.23589699156940266 0.2011217522273356 0.17584098222727257 0.1677968661838544 0.1678193391903268 0.1599108548806539 0.16841307048630633 0.16041645587386788 0.15686418951264258 0.13679929723705173 0.12444758983613338 0.09734405834149086 0.07040249757215744 0.04341452169424177 0.028059491074304024 0.015343424321103449 0.01121707778420924 0.009130720933415952 0.009542947955846629 0.009458668023735047 0.00893702843605981 0.008484550209966517 0.006880245388129212 0.004406652952136044 0.0016175039342596034 3.8478995462855954E-4 4.193697767148115E-6 0.0 0.0 0.0 0.0 0.0 0.0 0.0 0.0 0.0 
0.0 0.0 0.0 0.0 0.0 0.0 0.0 0.0 0.0 0.0 0.0 0.0 0.0 0.0 1.101383382888759E-4 3.2120846888683574E-4 0.0019188779041139662 0.007352551508737199 0.019147302962707852 0.033756463952996946 0.05064925526260453 0.06953642935739082 0.08322623172290736 0.0996527416256254 0.11222665931713181 0.11450102768633452 0.10978158418582769 0.09257892118280102 0.0666860128416208 0.043428851472579424 0.028756556421652004 0.024773601642432422 0.023091382033875684 0.03182968939941626 0.04688238647763266 0.05866614186216271 0.06778680068905818 0.07708264730280025 0.08971049229382476 0.08015231102068315 0.06098887304526439 0.04351620625744667 0.027517783105042225 0.015790641753690514 0.01004575683923819 0.007657713897831755 0.008565136378098866 0.010016774248510954 0.00991081099297368 0.007019719087229959 0.005151235433927024 0.002929277181131657 0.0010852579192473005 2.472187933115295E-4 0.0 0.0 0.0 0.0 0.0 0.0 0.0 0.0 0.0 0.0 
0.0 0.0 0.0 0.0 0.0 0.0 0.0 0.0 0.0 0.0 0.0 0.0 0.0 0.0 2.1682987756490508E-4 1.545964931452103E-4 0.0012527177844968824 0.005473858101243839 0.014806480079991493 0.02420510188960441 0.03406610968386793 0.04456591179593015 0.052386445492200354 0.05920573601432359 0.056999647090302454 0.051221947805672303 0.038741835377696716 0.023077811729039346 0.013100197225719758 0.013810943472813088 0.017126465963834894 0.017488816152001638 0.009201082767106331 0.005287191728422692 0.004656681414904349 0.009714647328204531 0.02317952905409542 0.04407783086392439 0.0666043692086278 0.0708957543430929 0.056784628924177204 0.045176871893402436 0.031004251347878684 0.018775925770270575 0.011364103665124425 0.006992033515177777 0.008758420900632698 0.011125500176973429 0.010812429360961447 0.006357380539918562 0.0037437974537631877 0.0017838664037946742 6.138780173693596E-4 2.6437054058340903E-4 0.0 0.0 0.0 0.0 0.0 0.0 0.0 0.0 0.0 0.0 
0.0 0.0 0.0 0.0 0.0 0.0 0.0 0.0 0.0 0.0 0.0 0.0 0.0 0.0 1.1195455032883187E-4 1.735234034260466E-4 9.387691160287598E-4 0.004383562414254788 0.010738872312749462 0.01733558946061271 0.022326057664003952 0.026577030827591358 0.02888017289298814 0.031441464796763526 0.030802882830088366 0.024380724823977636 0.018250593729735625 0.012959614781792651 0.014670934032171989 0.026063775611137187 0.04894415085801322 0.05956922903220709 0.05582472153468403 0.037436616900662106 0.01984691952409844 0.00896765012429319 0.008954149664437578 0.02468092303089783 0.04829214260720092 0.06390245598602981 0.05890584192510555 0.04756434143784356 0.03505643714144234 0.02094797514639759 0.012077013681477984 0.0069892869354476195 0.008332480989764584 0.010860701308260688 0.012643130810092607 0.006473566718508126 0.0026722078986721565 0.001189389997333908 3.959198548280542E-4 1.1912951713887666E-4 0.0 0.0 0.0 0.0 0.0 0.0 0.0 0.0 0.0 0.0 
0.0 0.0 0.0 0.0 0.0 0.0 0.0 0.0 0.0 0.0 0.0 0.0 0.0 0.0 0.0 6.132613106991874E-5 5.59064259267719E-4 0.002659612281189113 0.006684418747792933 0.010365446255326469 0.01268527837505671 0.014518313373145722 0.015084159441939029 0.015870856844523103 0.019242896304774926 0.018454142519309297 0.019190372786231088 0.01917796030702774 0.0206907705946365 0.028055489864859975 0.04969009515789529 0.0769306745476474 0.09702111149818181 0.07719608858185026 0.060273257740834994 0.03184180014291399 0.015141631519986222 0.01644518898297612 0.034130827148501415 0.05518020918353831 0.06353131537367014 0.051890400666780266 0.038840252353689465 0.024540624773601572 0.014766266730838638 0.008819892770560129 0.009530417194518526 0.010518070158774455 0.014431257608599542 0.006078968010494276 0.0016437428885827021 6.971974103120646E-4 5.359629759081378E-5 0.0 0.0 0.0 0.0 0.0 0.0 0.0 0.0 0.0 0.0 0.0 
0.0 0.0 0.0 0.0 0.0 0.0 0.0 0.0 0.0 0.0 0.0 0.0 0.0 0.0 0.0 1.341677704476282E-4 5.525242663942767E-4 0.002859324053329783 0.005264479063221783 0.007188549221363344 0.006803366905889522 0.006720474401841055 0.007058009236548709 0.009866867093332345 0.01765101949972684 0.02130487977469126 0.022970868329340716 0.019596341642434807 0.015189527316747206 0.01695323182922676 0.031793476872108616 0.0633379005518959 0.09786675938001603 0.10025666289818962 0.08990508130618984 0.06351488165452723 0.033019022693406 0.020946443870747636 0.027869462130364276 0.04551345176247916 0.06188924652438769 0.05577575702825524 0.04433543828977005 0.03168352486784838 0.02026041632062964 0.011291170469784067 0.010579897291505458 0.011552348016090036 0.01529329833756784 0.0064646735434412 0.0010586817940617433 7.649003818134106E-5 0.0 0.0 0.0 0.0 0.0 0.0 0.0 0.0 0.0 0.0 0.0 0.0 
0.0 0.0 0.0 0.0 0.0 0.0 0.0 0.0 0.0 0.0 0.0 0.0 0.0 0.0 0.0 5.4268379039704845E-5 3.0994605516895926E-4 0.002376439220012333 0.0052242589980776325 0.006373147617924609 0.0049236364455537505 0.0038397868585389448 0.00527845826275243 0.010222481288867541 0.01856548694529939 0.02170095733940143 0.020504474694279066 0.011922613741578426 0.005734238876117596 0.0058007684961188365 0.012039005271209493 0.031646925203584496 0.06635318588769734 0.09177440669432886 0.09497597327338142 0.08484319540477661 0.0573689978245296 0.035807472983171565 0.03320516668495851 0.040746073254568194 0.05799494763714332 0.060945332432658525 0.049917181013948674 0.037921788870371315 0.025632390742318843 0.016126511576700177 0.01250925992699628 0.015031759632890013 0.014292991995872237 0.0055394228861906135 5.368365250288963E-4 0.0 0.0 0.0 0.0 0.0 0.0 0.0 0.0 0.0 0.0 0.0 0.0 0.0 
0.0 0.0 0.0 0.0 0.0 0.0 0.0 0.0 0.0 0.0 0.0 0.0 0.0 0.0 0.0 2.135131526817919E-4 1.7487895342601484E-4 0.0016663558995478583 0.0024308009520890325 0.003206858323097817 0.002913914335036552 0.002544989551035424 0.0054020037680716495 0.009969399519453158 0.015003294057352587 0.015422353856438106 0.010655458527093485 0.003710016493859642 0.0011522573860166248 0.0023303760870408284 0.0047687627541184285 0.012126535859803507 0.029877833585051354 0.057231881527284055 0.07192746860178863 0.08053155294984866 0.07081799471022662 0.055392512893741565 0.049501163555945304 0.045712141079486526 0.05699879168210071 0.0613108380651443 0.05404193375640911 0.04085891575371378 0.027221932444172887 0.019241948297971954 0.01371675758995298 0.013226434250513388 0.01074145400458691 0.005087395158318695 5.586442497734562E-4 0.0 0.0 0.0 0.0 0.0 0.0 0.0 0.0 0.0 0.0 0.0 0.0 0.0 
0.0 0.0 0.0 0.0 0.0 0.0 0.0 0.0 0.0 0.0 0.0 0.0 0.0 0.0 0.0 8.636211707953213E-5 2.395650438535254E-4 0.0013430745713076992 0.0013787336303089485 0.0012648356192261788 6.31264953318598E-4 0.001988084461207472 0.0051042973841060576 0.007982525645601082 0.009561676376173677 0.007055370394928205 0.00304952666475702 0.0012300486201782385 0.0020597728807403596 0.003961036623468135 0.00600282341219913 0.00963358539547983 0.015808897746469736 0.030115298153734458 0.04398527314701857 0.05720085302892333 0.06832619122658798 0.06673319049801614 0.06366994246997183 0.058131703843270266 0.06035790952120054 0.06055057504758913 0.057467563801320724 0.041300705825947984 0.028359699157516512 0.020614744824984498 0.014369486517335375 0.012081581461386161 0.008500160140096859 0.003897575346068486 3.6634263586546913E-4 0.0 0.0 0.0 0.0 0.0 0.0 0.0 0.0 0.0 0.0 0.0 0.0 0.0 
0.0 0.0 0.0 0.0 0.0 0.0 0.0 0.0 0.0 0.0 0.0 0.0 0.0 0.0 0.0 3.010946582472464E-4 7.586404638521932E-4 8.964887509243624E-4 7.782338903508299E-4 7.447908229308822E-4 9.834931859339648E-4 0.0022776839660808273 0.003343687975910328 0.004994034913832733 0.004094618179373874 0.002155463518073756 0.0011280537847068216 0.0020304924618176627 0.0030998801754225005 0.004045244750984722 0.005560954228722374 0.01150527868857256 0.01681716935056318 0.02186801756381185 0.027184377457020927 0.03579780448195785 0.05386403543320947 0.062128181746130974 0.06357798372500473 0.06282831566593983 0.06011593552660366 0.05820447032889024 0.05643151194259444 0.043881407160957266 0.03074699397284595 0.022027293418317998 0.01489449490529184 0.010095185452110463 0.0055662815516508415 0.0018617391039316112 3.1668987471790456E-5 0.0 0.0 0.0 0.0 0.0 0.0 0.0 0.0 0.0 0.0 0.0 0.0 0.0 
0.0 0.0 0.0 0.0 0.0 0.0 0.0 0.0 0.0 0.0 0.0 0.0 0.0 0.0 0.0 2.8072118056419646E-4 4.6602340886210154E-4 7.323079051741099E-4 3.4638714203252715E-4 3.7977666974782525E-4 8.122063554965854E-4 0.0018886538523274746 0.002246159381009008 0.002160282536958185 7.381005059955668E-4 9.919455417598405E-4 0.001166364825052874 0.002119924697258722 0.002385021235954803 0.0019158098306501082 0.002789337470179892 0.008032116511557594 0.014715836247877607 0.018885522241932524 0.02269555856783096 0.030486204916744798 0.04297099014608617 0.05101293248373942 0.05348677571988012 0.058627097425298313 0.05636883228912634 0.05374170739561792 0.051711764508245564 0.0418804707086343 0.028988969757903986 0.020719853510051994 0.012542990959971688 0.007966072908377458 0.0035812435370407045 3.8076681966700424E-4 0.0 0.0 0.0 0.0 0.0 0.0 0.0 0.0 0.0 0.0 0.0 0.0 0.0 0.0 
0.0 0.0 0.0 0.0 0.0 0.0 0.0 0.0 0.0 0.0 0.0 0.0 0.0 0.0 0.0 3.0537371937120925E-4 5.941131570412076E-4 0.001080603007118186 2.0164353127446983E-4 4.103889483607285E-4 0.0011200502533898517 9.851555026810553E-4 9.709290018954903E-4 7.618273436452482E-4 4.562739663234207E-4 8.070238120009238E-4 0.001293147989951861 0.0018105732937240184 0.0010404782208968306 5.517588748818371E-4 0.0010682762443474751 0.003744838801766683 0.009902752802325077 0.019021104430458336 0.02360025467026724 0.031860930823782566 0.03724708888677524 0.04119033060740507 0.04387492572781039 0.04986339962675682 0.04834563158297182 0.04664205558172478 0.04543951489494613 0.03711090193218484 0.028224087124610553 0.018034522718891433 0.010272051084198625 0.006029510267470667 0.002021360752814241 0.0 0.0 0.0 0.0 0.0 0.0 0.0 0.0 0.0 0.0 0.0 0.0 0.0 0.0 0.0 
0.0 0.0 0.0 0.0 0.0 0.0 0.0 0.0 0.0 0.0 0.0 0.0 0.0 0.0 8.813664413483875E-5 1.9539572534396692E-4 3.016163369192572E-4 0.0010528111087300146 1.177263924719134E-5 7.811232972020093E-5 5.818540639324097E-4 6.711447999956162E-4 3.3798112473322066E-4 2.695148745295673E-4 6.018506519258495E-4 9.156081724485541E-4 9.642374179274791E-4 0.0011122827774385435 4.3794980803094096E-4 1.065900694994815E-4 2.929689075012678E-4 0.001843704821029038 0.005653492062015607 0.01263358158503456 0.022467966247804238 0.031606800955467584 0.03282460581111887 0.03327187861223212 0.035024275619346845 0.03893284616385721 0.038197462103625145 0.03457262934083896 0.03303583318640476 0.026878854296325215 0.02205841356987922 0.01325352657105846 0.007643870159473392 0.0034833489505352185 8.297417881461495E-4 0.0 0.0 0.0 0.0 0.0 0.0 0.0 0.0 0.0 0.0 0.0 0.0 0.0 0.0 0.0 
0.0 0.0 0.0 0.0 0.0 0.0 0.0 0.0 0.0 0.0 0.0 0.0 0.0 0.0 5.4236673595637426E-5 2.892127919843064E-4 3.8612071029838884E-4 8.340792071478175E-4 7.824445137396204E-5 4.6531968165848406E-4 6.745715993019985E-4 3.375494000943472E-4 3.177535167084762E-4 7.618968317802302E-5 4.0818288979572163E-4 5.30882292957226E-4 4.2693076499317504E-4 4.363770656210506E-4 1.0918323486251714E-4 9.8074672891562E-6 2.357578590846983E-4 0.0019564643096895073 0.0035610399437535 0.007459815406619622 0.01502587530223966 0.024630271698840463 0.028857091703624486 0.026913118938027173 0.02567199933749816 0.027566728005726165 0.02769758589692652 0.02425151971317621 0.022229721670410454 0.019948890331945076 0.016423834466999254 0.010446094572830805 0.004870095260437142 0.0019506100249851908 6.508547069629558E-4 0.0 0.0 0.0 0.0 0.0 0.0 0.0 0.0 0.0 0.0 0.0 0.0 0.0 0.0 0.0 
0.0 0.0 0.0 0.0 0.0 0.0 0.0 0.0 0.0 0.0 0.0 0.0 0.0 0.0 2.1991224901560937E-6 2.1687545638212388E-4 2.5279957633427236E-4 4.6751965293596583E-4 4.909891393253009E-5 3.700328913620968E-4 2.397913818229069E-4 4.900878937851164E-4 2.326357450912856E-5 1.6330930373606345E-4 0.0 0.0 7.297297592834106E-5 9.825784711833738E-5 0.0 0.0 3.6842613029275E-5 7.423149814248095E-4 0.003547398633179618 0.005569926010917914 0.008334882435656901 0.015622755627698938 0.022423723962947548 0.01952624574095618 0.01538964268196719 0.016331130251272936 0.01705162394557378 0.015554267143863786 0.014223610303665665 0.014958129168147373 0.012403858360787608 0.008179593286317356 0.0038975266767108823 0.0011309785662349354 1.0352753898170168E-4 0.0 0.0 0.0 0.0 0.0 0.0 0.0 0.0 0.0 0.0 0.0 0.0 0.0 0.0 0.0 
0.0 0.0 0.0 0.0 0.0 0.0 0.0 0.0 0.0 0.0 0.0 0.0 0.0 0.0 0.0 4.6882617493224545E-5 4.324163802022511E-5 8.490805774185518E-5 1.1482620949360836E-4 1.6530079992155129E-4 4.8102317312739094E-5 0.0 0.0 0.0 0.0 0.0 0.0 0.0 0.0 0.0 0.0 4.857705995406014E-5 0.002320479309656958 0.0023768159841559625 0.003135479028084626 0.007885970638704127 0.013630972055548108 0.013084295009554124 0.009617700278260526 0.008863633818616011 0.008947432737523844 0.008050149731694342 0.006643110665582351 0.006829123106397935 0.0053787917250441 0.003111368987810529 0.00205880250216759 4.5621603859667236E-4 1.508206202045315E-4 0.0 0.0 0.0 0.0 0.0 0.0 0.0 0.0 0.0 0.0 0.0 0.0 0.0 0.0 0.0 
0.0 0.0 0.0 0.0 0.0 0.0 0.0 0.0 0.0 0.0 0.0 0.0 0.0 0.0 1.5732373164752026E-5 2.2796091608152318E-5 5.341657253408275E-5 4.474417720385602E-6 1.1657595083244264E-4 1.8057341726573434E-4 5.150425996130543E-5 0.0 0.0 0.0 0.0 0.0 0.0 0.0 0.0 0.0 0.0 0.0 0.0 4.7969822697809065E-4 0.002066184977885727 0.004595838740669525 0.006927799291758997 0.007951241230344734 0.006606352900714725 0.004474084984428755 0.004524287753824479 0.0036540546484877348 0.0026322906741573517 0.00273986329173562 0.003365632157626061 0.0025345203645597263 0.0014397361326164706 2.425796270382943E-4 0.0 0.0 0.0 0.0 0.0 0.0 0.0 0.0 0.0 0.0 0.0 0.0 0.0 0.0 0.0 0.0 
0.0 0.0 0.0 0.0 0.0 0.0 0.0 0.0 0.0 0.0 0.0 0.0 0.0 0.0 1.0443468790333102E-5 2.182977160082476E-4 1.439067356810839E-5 5.0601467075350584E-5 1.476182796555595E-4 4.2019419276103487E-4 1.3073840830819889E-5 0.0 0.0 0.0 0.0 0.0 0.0 0.0 0.0 0.0 0.0 0.0 0.0 0.0 7.061126554670398E-4 0.0026457661433874793 0.0032426753132712813 0.0037570730140778974 0.0037056975470365567 0.002185971037237029 0.0019412123514865975 0.0014407856299653906 0.001437145820351487 0.0012079472311979378 0.0017302943241540923 0.0011993968021492283 3.8597915748065216E-4 0.0 0.0 0.0 0.0 0.0 0.0 0.0 0.0 0.0 0.0 0.0 0.0 0.0 0.0 0.0 0.0 0.0 
0.0 0.0 0.0 0.0 0.0 0.0 0.0 0.0 0.0 0.0 0.0 0.0 0.0 0.0 1.530559671990832E-4 1.397766411946837E-4 2.2032843243012024E-4 1.5837714570806087E-4 1.5922935697229004E-4 1.3609953380329344E-4 1.308665743103499E-4 0.0 0.0 0.0 0.0 0.0 0.0 0.0 0.0 0.0 0.0 0.0 0.0 0.0 4.7781045737083956E-4 0.0013636286153033217 0.001658769745321075 0.0016683961983394316 0.0014483066030215248 9.337057533185081E-4 4.0550139154923103E-4 2.81486072280973E-4 3.0933168817700706E-4 1.6768370067150298E-4 1.4800614974053383E-4 4.151629682085569E-5 0.0 0.0 0.0 0.0 0.0 0.0 0.0 0.0 0.0 0.0 0.0 0.0 0.0 0.0 0.0 0.0 0.0 0.0 
0.0 0.0 0.0 0.0 0.0 0.0 0.0 0.0 0.0 0.0 0.0 0.0 0.0 0.0 8.703287067143406E-5 2.2330944531302335E-5 5.935750645273656E-5 2.3764704054504555E-5 9.702935236037099E-6 0.0 0.0 0.0 0.0 0.0 0.0 0.0 0.0 0.0 0.0 0.0 0.0 0.0 0.0 0.0 0.0 3.477772356996091E-4 7.658982914525698E-4 4.6967520047087944E-4 8.85968647548827E-5 2.0794587314389292E-4 0.0 0.0 0.0 0.0 4.4607134816605307E-7 3.6330839562242034E-7 0.0 0.0 0.0 0.0 0.0 0.0 0.0 0.0 0.0 0.0 0.0 0.0 0.0 0.0 0.0 0.0 0.0 0.0 
0.0 0.0 0.0 0.0 0.0 0.0 0.0 0.0 0.0 0.0 0.0 0.0 0.0 0.0 0.0 0.0 0.0 0.0 0.0 0.0 0.0 0.0 0.0 0.0 0.0 0.0 0.0 0.0 0.0 0.0 0.0 0.0 0.0 0.0 0.0 0.0 0.0 0.0 0.0 0.0 0.0 0.0 0.0 0.0 0.0 0.0 0.0 0.0 0.0 0.0 0.0 0.0 0.0 0.0 0.0 0.0 0.0 0.0 0.0 0.0 0.0 0.0 0.0 0.0 
0.0 0.0 0.0 0.0 0.0 0.0 0.0 0.0 0.0 0.0 0.0 0.0 0.0 0.0 0.0 0.0 0.0 0.0 0.0 0.0 0.0 0.0 0.0 0.0 0.0 0.0 0.0 0.0 0.0 0.0 0.0 0.0 0.0 0.0 0.0 0.0 0.0 0.0 0.0 0.0 0.0 0.0 0.0 0.0 0.0 0.0 0.0 0.0 0.0 0.0 0.0 0.0 0.0 0.0 0.0 0.0 0.0 0.0 0.0 0.0 0.0 0.0 0.0 0.0 
0.0 0.0 0.0 0.0 0.0 0.0 0.0 0.0 0.0 0.0 0.0 0.0 0.0 0.0 0.0 0.0 0.0 0.0 0.0 0.0 0.0 0.0 0.0 0.0 0.0 0.0 0.0 0.0 0.0 0.0 0.0 0.0 0.0 0.0 0.0 0.0 0.0 0.0 0.0 0.0 0.0 0.0 0.0 0.0 0.0 0.0 0.0 0.0 0.0 0.0 0.0 0.0 0.0 0.0 0.0 0.0 0.0 0.0 0.0 0.0 0.0 0.0 0.0 0.0 
0.0 0.0 0.0 0.0 0.0 0.0 0.0 0.0 0.0 0.0 0.0 0.0 0.0 0.0 0.0 0.0 0.0 0.0 0.0 0.0 0.0 0.0 0.0 0.0 0.0 0.0 0.0 0.0 0.0 0.0 0.0 0.0 0.0 0.0 0.0 0.0 0.0 0.0 0.0 0.0 0.0 0.0 0.0 0.0 0.0 0.0 0.0 0.0 0.0 0.0 0.0 0.0 0.0 0.0 0.0 0.0 0.0 0.0 0.0 0.0 0.0 0.0 0.0 0.0 
0.0 0.0 0.0 0.0 0.0 0.0 0.0 0.0 0.0 0.0 0.0 0.0 0.0 0.0 0.0 0.0 0.0 0.0 0.0 0.0 0.0 0.0 0.0 0.0 0.0 0.0 0.0 0.0 0.0 0.0 0.0 0.0 0.0 0.0 0.0 0.0 0.0 0.0 0.0 0.0 0.0 0.0 0.0 0.0 0.0 0.0 0.0 0.0 0.0 0.0 0.0 0.0 0.0 0.0 0.0 0.0 0.0 0.0 0.0 0.0 0.0 0.0 0.0 0.0 
0.0 0.0 0.0 0.0 0.0 0.0 0.0 0.0 0.0 0.0 0.0 0.0 1.0171913798401071E-4 0.0 0.0 0.0 0.0 0.0 0.0 0.0 0.0 0.0 0.0 0.0 0.0 0.0 0.0 0.0 0.0 0.0 0.0 0.0 0.0 0.0 0.0 0.0 0.0 0.0 0.0 0.0 0.0 0.0 0.0 0.0 0.0 0.0 0.0 0.0 0.0 0.0 0.0 0.0 0.0 0.0 0.0 0.0 0.0 0.0 0.0 0.0 0.0 0.0 0.0 0.0 
0.0 0.0 0.0 0.0 0.0 0.0 0.0 0.0 0.0 0.0 0.0 0.0 1.0813497667900366E-4 1.1136277562855813E-4 0.0 0.0 0.0 0.0 0.0 0.0 0.0 0.0 0.0 0.0 0.0 0.0 0.0 0.0 0.0 0.0 0.0 0.0 0.0 0.0 0.0 0.0 0.0 0.0 0.0 0.0 0.0 0.0 0.0 0.0 0.0 0.0 0.0 0.0 0.0 0.0 0.0 0.0 0.0 0.0 0.0 0.0 0.0 0.0 0.0 0.0 0.0 0.0 0.0 0.0 
0.0 0.0 0.0 0.0 0.0 0.0 0.0 0.0 0.0 0.0 0.0 0.0 0.0 8.732976250729384E-5 0.0 0.0 0.0 0.0 0.0 0.0 0.0 0.0 0.0 0.0 0.0 0.0 0.0 0.0 0.0 0.0 0.0 0.0 0.0 0.0 0.0 0.0 0.0 0.0 0.0 0.0 0.0 0.0 0.0 0.0 0.0 0.0 0.0 0.0 0.0 0.0 0.0 0.0 0.0 0.0 0.0 0.0 0.0 0.0 0.0 0.0 0.0 0.0 0.0 0.0 
0.0 0.0 0.0 0.0 0.0 0.0 0.0 0.0 0.0 0.0 0.0 0.0 0.0 0.0 0.0 0.0 0.0 0.0 0.0 0.0 0.0 0.0 0.0 0.0 0.0 0.0 0.0 0.0 0.0 0.0 0.0 0.0 0.0 0.0 0.0 0.0 0.0 0.0 0.0 0.0 0.0 0.0 0.0 0.0 0.0 0.0 0.0 0.0 0.0 0.0 0.0 0.0 0.0 0.0 0.0 0.0 0.0 0.0 0.0 0.0 0.0 0.0 0.0 0.0 
