-1159.0042231927544 1.18176905907714E-8 4.77546417899911 2.392521555911842E-6 -6.080023149883744E-6
-1154.4768629459077 1.4564566196939983E-8 4.949545232534762 3.7849973421415884E-6 -6.187696865749635E-6
-1149.949502699061 1.74564102578744E-8 5.040881580036376 4.7443550048481134E-6 -6.368009190434441E-6
-1145.4221424522143 1.976972061931053E-8 5.074515009664496 5.273966840792151E-6 -6.6032145232035225E-6
-1140.8947822053676 2.109430637275246E-8 5.067224879417452 5.397913292684775E-6 -6.860371922546978E-6
-1136.367421958521 2.1302946732360447E-8 5.028945521857034 5.156727011639699E-6 -7.096762688611926E-6
-1131.8400617116743 2.04813146031176E-8 4.9651557592288595 4.60243664283991E-6 -7.266728589218433E-6
-1127.3127014648276 1.8852691468297833E-8 4.878198957814228 3.7934914366741375E-6 -7.32897449425992E-6
-1122.7853412179809 1.6718717874487666E-8 4.767785483484306 2.7900992247114318E-6 -7.253338086462659E-6
-1118.257980971134 1.4419604829090414E-8 4.631282058367289 1.6504027684339693E-6 -7.026115718536181E-6
-1113.7306207242873 1.2304250758054288E-8 4.464775762752954 4.277695863357506E-7 -6.653234504031756E-6
-1109.2032604774406 1.0698031600775822E-8 4.266542049743196 -8.307007986885653E-7 -6.16084918170903E-6
-1104.675900230594 9.863106470555872E-9 4.043831783729385 -2.0845178864338744E-6 -5.59328030931311E-6
-1100.1485399837472 9.957322016353218E-9 3.818092894939834 -3.2992018004562673E-6 -5.008554288535738E-6
-1095.6211797369006 1.1005924985678902E-8 3.6182042334424 -4.445063819033041E-6 -4.472111827611366E-6
-1091.0938194900539 1.2900223355332085E-8 3.464798389274734 -5.49573827507616E-6 -4.049481379422557E-6
-1086.5664592432072 1.542869137408876E-8 3.3636152298926696 -6.426836277484347E-6 -3.7988397747543667E-6
-1082.0390989963605 1.8333084090299476E-8 3.3106625215150576 -7.215037124771582E-6 -3.764389320310048E-6
-1077.5117387495138 2.13714832051509E-8 3.298759798777082 -7.837836385421666E-6 -3.971369996583975E-6
-1072.9843785026671 2.4367252726445214E-8 3.320716555476622 -8.274045863583975E-6 -4.423312980755117E-6
-1068.4570182558205 2.7229179010764342E-8 3.370092995885921 -8.505008422445234E-6 -5.101856128644013E-6
-1063.9296580089738 2.994058709859122E-8 3.4411024015273646 -8.516368619889513E-6 -5.9691206661429E-6
-1059.402297762127 3.2527995258554564E-8 3.528447539730416 -8.300144869165934E-6 -6.972332402037591E-6
-1054.8749375152804 3.502698378512848E-8 3.6273228257071386 -7.856792613558463E-6 -8.0501000049617E-6
-1050.3475772684337 3.746143912432115E-8 3.733528820129573 -7.19693724840853E-6 -9.139570435575903E-6
-1045.820217021587 3.984348690416816E-8 3.843542785919854 -6.342490253848252E-6 -1.0183589952945928E-5
-1041.2928567747401 4.219001385725043E-8 3.9544244093132406 -5.326936037350007E-6 -1.1137017354976255E-5
-1036.7654965278934 4.454347477456876E-8 4.063546983901979 -4.194679029394352E-6 -1.1971459214568321E-5
-1032.2381362810468 4.69836133956202E-8 4.168251690430845 -2.9994559329108756E-6 -1.2677906602338416E-5
-1027.7107760342 4.962302095906202E-8 4.26557489683455 -1.8019307351620082E-6 -1.3267020414041926E-5
-1023.1834157873534 5.258964881975637E-8 4.352181001197417 -6.666851310515249E-7 -1.3767102707129528E-5
-1018.6560555405067 5.6008127727857356E-8 4.424553029432297 3.4111768000190273E-7 -1.422006736856695E-5
-1014.12869529366 5.99944365456364E-8 4.479384413191001 1.159089849211706E-6 -1.4675950992041174E-5
-1009.6013350468133 6.467349218957872E-8 4.514041617392818 1.730701921088381E-6 -1.518665736528567E-5
-1005.0739747999667 7.021869123451675E-8 4.526972918231228 2.007845401759427E-6 -1.579969030424725E-5
-1000.54661455312 7.690108435456992E-8 4.517996096419213 1.952704249353094E-6 -1.6552595804762565E-5
-996.0192543062733 8.512889432701427E-8 4.488434540322364 1.5388574381138046E-6 -1.7468713998337138E-5
-991.4918940594266 9.545873589199496E-8 4.441056041646233 7.516308271936832E-7 -1.8554653315758374E-5
-986.9645338125799 1.0856804502298153E-7 4.379753772106478 -4.1219731190337126E-7 -1.9799670525516687E-5
-982.4371735657331 1.2519054674493792E-7 4.308972897443791 -1.9451679650285918E-6 -2.1176901850156635E-5
-977.9098133188864 1.4602808741388972E-7 4.23302303669494 -3.830185617344919E-6 -2.2646172867650417E-5
-973.3824530720398 1.716583507614426E-7 4.155507058205604 -6.0416278809392175E-6 -2.4157944821128703E-5
-968.8550928251931 2.0245674806793324E-7 4.079038709819913 -8.546342573585555E-6 -2.5657851202113977E-5
-964.3277325783464 2.385431021973523E-7 4.005262686081883 -1.1304409877852174E-5 -2.7091250282506395E-5
-959.8003723314997 2.797531339476104E-7 3.935064953201829 -1.4269620076296953E-5 -2.8407265481721948E-5
-955.273012084653 3.256256862345135E-7 3.86883638875339 -1.738969635766185E-5 -2.956189517880153E-5
-950.7456518378063 3.7539274981709356E-7 3.8066976334405913 -2.0606365563447974E-5 -3.051992818397256E-5
-946.2182915909596 4.2796220748506743E-7 3.74864957311777 -2.385543675645843E-5 -3.1255577129407976E-5
-941.6909313441129 4.818917628841834E-7 3.694651540248716 -2.7067079825068156E-5 -3.175191472325626E-5
-937.1635710972662 5.353637013191002E-7 3.6446456126838784 -3.016649912799234E-5 -3.199934443350697E-5
-932.6362108504195 5.861799708932664E-7 3.598548081948686 -3.3075169559526146E-5 -3.19934401229182E-5
-928.1088506035728 6.318019609313221E-7 3.5562254582798545 -3.571274748817779E-5 -3.173253805990363E-5
-923.5814903567261 6.694570413516947E-7 3.5174664561143114 -3.799969336554696E-5 -3.1215457427501135E-5
-919.0541301098795 6.9632405066519E-7 3.4819553056589916 -3.986055551729544E-5 -3.0439667798534076E-5
-914.5267698630328 7.097940436170101E-7 3.4492463794295025 -4.122777611842688E-5 -2.940012656695574E-5
-909.9994096161861 7.077838651769092E-7 3.418735732319082 -4.2045801017873106E-5 -2.8088892988370264E-5
-905.4720493693393 6.890625977644842E-7 3.389621372739685 -4.2275214052673845E-5 -2.649550694048029E-5
-900.9446891224926 6.535389077156421E-7 3.3608400072302 -4.189658065134389E-5 -2.460801725296865E-5
-896.4173288756459 6.024543839239079E-7 3.3309622049484497 -4.0913678789344014E-5 -2.2414470266719086E-5
-891.8899686287992 5.384361631984671E-7 3.298018496647283 -3.935581842403853E-5 -1.9904632407546657E-5
-887.3626083819526 4.653812974438948E-7 3.2592139377656153 -3.727900099288812E-5 -1.707172278007166E-5
-882.8352481351059 3.881727433490525E-7 3.210469411927428 -3.476574337167236E-5 -1.3913968523027468E-5
-878.3078878882592 3.1225760117774203E-7 3.1457242862676438 -3.192347892489161E-5 -1.0435857065973669E-5
-873.7805276414125 2.431459833325107E-7 3.0560476290846403 -2.8881543979587748E-5 -6.6490322167661694E-6
-869.2531673945657 1.8590733977866353E-7 2.929217460247905 -2.578685312384925E-5 -2.572850820808351E-6
-864.725807147719 1.4474541676008554E-7 2.7524950468312057 -2.2798453740573378E-5 1.7653294844399363E-6
-860.1984469008723 1.2272130447665148E-7 2.5244105358302944 -2.0081222984468678E-5 6.330032738869633E-6
-855.6710866540257 1.216677609312672E-7 2.2730652918407106 -1.7799024517514992E-5 1.107762075922374E-5
-851.143726407179 1.4230205422060852E-7 2.0490969957579006 -1.6107675077741348E-5 1.5956257539392625E-5
-846.6163661603323 1.8450619752936309E-7 1.886012662901034 -1.5148081482156998E-5 2.0905870552572403E-5
-842.0890059134856 2.4771072677222435E-7 1.7857795369547804 -1.5039897612117487E-5 2.585816329117359E-5
-837.5616456666389 3.3129816366069276E-7 1.7357487364505735 -1.5876020187761407E-5 3.073679752058772E-5
-833.0342854197922 4.3493946639502533E-7 1.7223812766471158 -1.771819448443021E-5 3.545791254676598E-5
-828.5069251729454 5.587918404057252E-7 1.7351334729921044 -2.0593939933796185E-5 3.9931170549809424E-5
-823.9795649260988 7.035160302170492E-7 1.7663580193840653 -2.4494934471978188E-5 4.406150392919948E-5
-819.4522046792521 8.701090695921558E-7 1.8104987789173301 -2.9376919403856692E-5 4.775169023638897E-5
-814.9248444324054 1.059585976612345E-6 1.863439852899877 -3.516110737773669E-5 5.090579621251698E-5
-810.3974841855587 1.2725726919320048E-6 1.9220881015100226 -4.1736998766996165E-5 5.3433423956620246E-5
-805.870123938712 1.5088864863716132E-6 1.984113122709048 -4.8966440273595046E-5 5.5254573076414085E-5
-801.3427636918653 1.7671766943953517E-6 2.047772004657596 -5.6688697742616265E-5 5.6304819200030336E-5
-796.8154034450187 2.044679990072398E-6 2.1117752817002886 -6.472626660560447E-5 5.654041814970565E-5
-792.288043198172 2.3371164433117285E-6 2.175174426752048 -7.289111119752665E-5 5.5942891005021873E-5
-787.7606829513252 2.63872343592457E-6 2.237265111361067 -8.099101082732519E-5 5.452263857458782E-5
-783.2333227044785 2.9424021861210424E-6 2.2975062933570376 -8.88356973002058E-5 5.2321178966959595E-5
-778.7059624576318 3.239941599361192E-6 2.3554562037401725 -9.624249563769375E-5 4.9411696869730126E-5
-774.1786022107851 3.5222877521769805E-6 2.4107251970310983 -1.0304122553845058E-4 4.589772913025231E-5
-769.6512419639384 3.77984138071098E-6 2.4629438372587265 -1.0907818257653611E-4 4.190997405691071E-5
-765.1238817170918 4.002783818168437E-6 2.511743253165675 -1.1421909064560395E-4 3.760138351954938E-5
-760.5965214702451 4.181446326569896E-6 2.5567439184596057 -1.1835099491152823E-4 3.314085791252915E-5
-756.0691612233984 4.30674256333334E-6 2.5975485633773983 -1.213831409781899E-4 2.8705995828501102E-5
-751.5418009765516 4.370676343150776E-6 2.6337347732491363 -1.232469544288827E-4 2.4475437683898743E-5
-747.0144407297049 4.366918511499003E-6 2.6648427887293376 -1.2389528928894662E-4 2.062137558634373E-5
-742.4870804828582 4.291422895324999E-6 2.6903538314069 -1.233011494444204E-4 1.7302776928393522E-5
-737.9597202360115 4.143029034393277E-6 2.7096535869049463 -1.2145610069148588E-4 1.4659789824548368E-5
-733.4323599891649 3.9239853449157775E-6 2.7219738136035017 -1.1836858219325209E-4 1.2809674149978055E-5
-728.9049997423182 3.640324665241482E-6 2.72630176829074 -1.1406229641461637E-4 1.1844447135823573E-5
-724.3776394954715 3.3020353784750137E-6 2.721241409442517 -1.0857481010454175E-4 1.1830264836284037E-5
-719.8502792486248 2.9229926976835224E-6 2.7048013328676546 -1.0195644147325446E-4 1.280839875365716E-5
-715.3229190017781 2.5206412019295936E-6 2.6740727835775537 -9.42694474377716E-5 1.4797527513258378E-5
-710.7955587549313 2.1154457322423183E-6 2.624755535783453 -8.558746711868082E-5 1.779696034738534E-5
-706.2681985080847 1.7301487016194597E-6 2.550531117899998 -7.599513056062735E-5 2.1790351044246602E-5
-701.740838261238 1.3888851091145788E-6 2.442524075598541 -6.558771044158204E-5 2.674945109076619E-5
-697.2134780143913 1.1162115714747352E-6 2.2899599645895954 -5.447068278251903E-5 3.263748649842573E-5
-692.6861177675446 9.361036261637713E-7 2.0850874427391743 -4.275907132627834E-5 3.94118168351267E-5
-688.1587575206979 8.709683572138757E-7 1.8354984221602564 -3.057647765984633E-5 4.702563623558884E-5
-683.6313972738512 9.407090441273734E-7 1.573851984186636 -1.805374124579681E-5 5.542859158990869E-5
-679.1040370270046 1.1618666630222593E-6 1.341297843535283 -5.3272243633062295E-6 6.456630946953472E-5
-674.5766767801578 1.5468509339295689E-6 1.1589705798785888 7.463230514952241E-6 7.437892884795618E-5
-670.0493165333111 2.1032623647129338E-6 1.025385320316019 2.017657642461356E-5 8.479882226696923E-5
-665.5219562864644 2.8332977678396177E-6 0.9301270981465342 3.267294133209241E-5 9.574774830659235E-5
-660.9945960396177 3.733226756373193E-6 0.8627791230653128 4.481596408138626E-5 1.0713371134560576E-4
-656.467235792771 4.7929276807373506E-6 0.8153755613530791 5.647494159668556E-5 1.1884781242489172E-4
-651.9398755459243 5.995479990939463E-6 0.782286103890117 6.752666393469852E-5 1.30761362003077E-4
-647.4125152990777 7.3168268510956996E-6 0.759588351390974 7.785685315512212E-5 1.427234975708374E-4
-642.885155052231 8.725546284037188E-6 0.7445180837094778 8.736117415541845E-5 1.545595129105692E-4
-638.3577948053843 1.0182798663961958E-5 0.7350831155211539 9.594584418955907E-5 1.6607006698275969E-4
-633.8304345585375 1.1642548655553703E-5 0.7298086183927088 1.0352792545169486E-4 1.7703140315481551E-4
-629.3030743116908 1.30521848691424E-5 0.7275710145480563 1.1003543453430242E-4 1.871966758871213E-4
-624.7757140648441 1.435367384902251E-5 0.7274880306408669 1.1540743732677321E-4 1.9629845208818326E-4
-620.2483538179974 1.5485379825179702E-5 0.728843261625669 1.1959431319573974E-4 2.0405242643954752E-4
-615.7209935711508 1.638465225748708E-5 0.7310310977728101 1.225583654571644E-4 2.1016236129561526E-4
-611.1936333243041 1.6991226048946048E-5 0.7335124252475609 1.2427492603545834E-4 2.1432622928488197E-4
-606.6662730774574 1.725139411574602E-5 0.7357738615388305 1.2473405305858353E-4 2.1624349812418296E-4
-602.1389128306107 1.7122802712279055E-5 0.7372838436555176 1.2394285532560446E-4 2.1562345142594084E-4
-597.6115525837639 1.657959530496797E-5 0.7374375437975056 1.2192840305592822E-4 2.1219438728092827E-4
-593.0841923369172 1.5617504546673382E-5 0.7354784570430706 1.187411069243103E-4 2.0571348092762742E-4
-588.5568320900705 1.4258381798058045E-5 0.7303751858741423 1.144583740856198E-4 1.9597704334173985E-4
-584.0294718432239 1.2553579767274497E-5 0.7206115263206323 1.0918828710297792E-4 1.828308596515196E-4
-579.5021115963772 1.0585585880818465E-5 0.7038015126335235 1.0307300465011763E-4 1.6618025573062798E-4
-574.9747513495305 8.467357843577453E-6 0.6759286202790031 9.629155520799552E-5 1.4599952331792595E-4
-570.4473911026838 6.3389470675457875E-6 0.6297158027108445 8.90616885765775E-5 1.2234033724240465E-4
-565.9200308558371 4.36120856726351E-6 0.5508252444127475 8.164046494800121E-5 9.533882431746402E-5
-561.3926706089904 2.7066739794925963E-6 0.40844182846856203 7.432329605004224E-5 6.522099124014941E-5
-556.8653103621436 1.5479823754075581E-6 0.1349105838840341 6.744120474359989E-5 3.230628494791073E-5
-552.337950115297 1.044587020702887E-6 -0.36052720311998687 6.135613493495146E-5 -2.990862167036549E-6
-547.8105898684503 1.3287456890634495E-6 -0.9301562835525763 5.645421886642642E-5 -4.0161564885386355E-5
-543.2832296216036 2.49201852344977E-6 -1.2881801658749783 5.313698994341761E-5 -7.860507481205982E-5
-538.7558693747569 4.573608116940404E-6 -1.467739360103077 5.1810612729716134E-5 -1.1763333091319774E-4
-534.2285091279102 7.55186039021717E-6 -1.5567635325265403 5.2873284594818794E-5 -1.5647731309798802E-4
-529.7011488810635 1.1340096154682493E-5 -1.5986718294730693 5.67010432652517E-5 -1.9429499628015887E-4
-525.1737886342169 1.5787672876579067E-5 -1.6129070611823568 6.363228924402624E-5 -2.3018067558124074E-4
-520.6464283873701 2.0686810887382338E-5 -1.60868353537 7.395140007485288E-5 -2.6317542314248447E-4
-516.1190681405234 2.5785297826366594E-5 -1.5905682765689333 8.78718732573362E-5 -2.922784400748423E-4
-511.5917078936767 3.080475752201917E-5 -1.560771391055738 1.0551948476016052E-4 -3.1645907882725744E-4
-507.06434764683 3.5463785769512997E-5 -1.5201438769686684 1.2691598888732854E-4 -3.346693267421457E-4
-502.53698739998333 3.950496361662851E-5 -1.46862529910607 1.519639108951268E-4 -3.458565563680778E-4
-498.00962715313665 4.272459853177245E-5 -1.405433594184097 1.8043299426649597E-4 -3.4897635909604356E-4
-493.48226690628996 4.5004041651651574E-5 -1.3291263190398368 2.119488579532484E-4 -3.430052846078474E-4
-488.9549066594432 4.634159441124366E-5 -1.2376106456652618 2.459843934396056E-4 -3.269533102490553E-4
-484.42754641259654 4.688433932414955E-5 -1.1281871796473606 2.8185438586593296E-4 -2.998758644068091E-4
-479.90018616574986 4.6959674913505165E-5 -0.9977737236108144 3.1871377711402215E-4 -2.608852302630607E-4
-475.3728259189032 4.7106849736565155E-5 -0.8435611943409755 3.5555990207966544E-4 -2.09161165419814E-4
-470.84546567205643 4.810930200499245E-5 -0.6644049156109375 3.912389238551133E-4 -1.4396059295769583E-4
-466.31810542520975 5.1029032418134063E-5 -0.46291583907513445 4.244565719178217E-4 -6.462625325491277E-5
-461.79074517836307 5.7244475443725374E-5 -0.247110404581262 4.5379315355465626E-4 2.9405745985447176E-5
-457.2633849315164 6.849330005719865E-5 -0.02944672583273089 4.777226675650249E-4 1.385994834875828E-4
-452.73602468466964 8.69211939853462E-5 0.17736295155165305 4.946357065326098E-4 2.633138154629064E-4
-448.20866443782296 1.1513692573368034E-4 0.36474374014517963 5.028656959065854E-4 4.0379786797159E-4
-443.6813041909763 1.562728390873213E-4 0.5295750258875316 5.007178912484039E-4 5.601872323081826E-4
-439.1539439441296 2.1404847016435403E-4 0.6727086083738296 4.865004455474873E-4 7.32500618920748E-4
-434.62658369728285 2.9283329735412846E-4 0.7968608152739587 4.585567722076713E-4 9.20636703252219E-4
-430.09922345043617 3.9770290065692257E-4 0.9051590624837424 4.1529837098036154E-4 0.0011243709049284282
-425.5718632035895 5.344812195095178E-4 1.0004532062841478 3.552372574114859E-4 0.0013433518829836788
-421.0445029567428 7.097603777321733E-4 1.085100253264831 2.770171434936548E-4 0.0015770976037136131
-416.5171427098961 9.308889065349603E-4 1.160966364893382 1.794425588058404E-4 0.0018249909397791261
-411.9897824630494 0.001205919324622125 1.2295041811402903 6.150517643043327E-5 0.0020862748812223234
-407.4624222162027 0.0015435070514685865 1.2918425138429201 -7.759328637018359E-5 0.0023600475700848783
-402.935061969356 0.0019527545764038059 1.3488655194375712 -2.384220907039851E-4 0.0026452574975864974
-398.40770172250933 0.0024429976257834703 1.4012757284305657 -4.213067672346589E-4 0.0029406993132308178
-393.8803414756626 0.0030235336061422455 1.44964176438131 -6.263188552790642E-4 0.0032450107767844636
-389.3529812288159 0.0037032966036525334 1.4944334750224022 -8.532700972772364E-4 0.0035566714273339295
-384.8256209819692 0.004490487369012247 1.536047350051104 -0.0011017109269374217 0.003874003542626736
-380.29826073512254 0.005392170651286578 1.5748246907332586 -0.0013709329312305586 0.0041951759149175686
-375.7709004882758 0.0064138556010203225 1.6110644792003725 -0.0016599748272358497 0.0045182108791909726
-371.2435402414291 0.0075590774166935625 1.6450324258158382 -0.0019676313816280183 0.004840994902549935
-366.71617999458243 0.008828999709187385 1.676967291178375 -0.0022924646190059196 0.005161292889571516
-362.18881974773575 0.010222057061402357 1.707085283895231 -0.0026328166192479937 0.005476766189424133
-357.66145950088907 0.011733655942929732 1.7355831126373857 -0.0029868231956530055 0.0057849941191457106
-353.1340992540423 0.013355949608479304 1.7626401060011965 -0.003352427774739842 0.006083498655747508
-348.60673900719564 0.015077699086091934 1.7884196929447262 -0.003727394863174066 0.006369771808053822
-344.07937876034896 0.016884228162387025 1.8130704491665757 -0.004109322583460852 0.006641305065144322
-339.5520185135023 0.01875747577194522 1.8367268522430291 -0.004495653882359039 0.0068956202366272
-335.02465826665554 0.020676144791657188 1.859509844100502 -0.0048836861578580625 0.007130300952355779
-330.49729801980885 0.022615942305084777 1.8815272684988105 -0.005270579204749719 0.007343024074515647
-325.96993777296217 0.024549903259364944 1.9028742298600654 -0.00565336153779142 0.0075315902901120085
-321.4425775261155 0.026448787328971407 1.9236334051236783 -0.006028935307794442 0.007693953192431045
-316.91521727926875 0.028281537866935002 1.943875330129698 -0.00639408017270107 0.007828246221353778
-312.38785703242206 0.03001579209422926 1.9636586745952882 -0.006745456616473978 0.007932806910207637
-307.8604967855754 0.031618433068306785 1.98303051364335 -0.007079609317737665 0.008006197977827485
-303.3331365387287 0.033056176290178076 2.0020265978642935 -0.0073929712526015524 0.00804722490648907
-298.80577629188195 0.03429618676535309 2.0206716169396914 -0.007681869267602679 0.008054949758203334
-294.27841604503527 0.03530672555316574 2.0389794428252834 -0.007942531875459983 0.008028701102925539
-289.7510557981886 0.03605782788393176 2.0569533261443818 -0.008171100005145092 0.007968080061858802
-285.2236955513419 0.03652201732061644 2.0745860022210216 -0.008363641376165977 0.007872962605715385
-280.6963353044952 0.036675061717534825 2.091859638882613 -0.00851616906340125 0.00774349838851409
-276.1689750576485 0.036496776454112714 2.1087455233839845 -0.008624664673140173 0.0075801065372074535
-271.6416148108018 0.03597187826526792 2.125203334960109 -0.008685106364835018 0.007383468948906869
-267.1142545639551 0.035090888774611674 2.1411797730207653 -0.00869350173051824 0.0071545217614947055
-262.58689431710843 0.03385108059491947 2.1566061919011372 -0.008645925291804997 0.006894445749382673
-258.0595340702617 0.03225745087808898 2.171394700520547 -0.008538560103045684 0.006604656443122271
-253.532173823415 0.030323698035628507 2.1854318614187513 -0.008367742671947854 0.006286794769388108
-249.00481357656832 0.028073167838844712 2.1985685561362804 -0.00813001014227988 0.005942718948689399
-244.4774533297216 0.025539726292494725 2.21060354573018 -0.007822148445790471 0.005574498267755622
-239.95009308287493 0.02276850973393164 2.221256264612763 -0.007441239942029791 0.005184409162338734
-235.42273283602822 0.01981649872225438 2.230120360918854 -0.006984708944681972 0.004774933810049501
-230.89537258918153 0.016752862479611434 2.2365808386379515 -0.006450363498375459 0.004348761153331675
-226.36801234233482 0.013659025648837624 2.239657603886576 -0.00583643183352802 0.0039087899665808876
-221.84065209548814 0.01062841919767132 2.237687378070612 -0.005141592095299264 0.0034581332698738953
-217.31329184864143 0.0077658921204574235 2.227611570284434 -0.004364994215183856 0.0030001230987553784
-212.78593160179474 0.005186779237084509 2.2031629675375326 -0.0035062731605499287 0.0025383143899412714
-208.25857135494806 0.0030156413525883577 2.149343416098566 -0.0025655532399435524 0.002076486560325357
-203.73121110810135 0.0013847153343707452 2.020598121446761 -0.0015434436333774423 0.0016186412616099623
-199.20385086125467 4.3213102541769176E-4 1.6197351920436711 -4.410258234214688E-4 0.0011689948000743998
-194.67649061440795 2.9996705910322746E-4 0.4680068207938941 7.401659133686924E-4 7.319638282280003E-4
-190.14913036756127 0.0011322265603055128 -0.15685767997693922 0.0019981693737774284 3.1214314194387904E-4
-185.62177012071456 0.0030728149468956787 -0.33755264788858774 0.0033306227513926665 -8.572525592833196E-5
-181.09440987386787 0.006263594914091497 -0.4079977936116954 0.004734794323126264 -4.5679225395319536E-4
-176.56704962702116 0.010842578468053227 -0.43937744042685445 0.006207611368957577 -7.961508521343412E-4
-172.03968938017448 0.016942293844974036 -0.4527510457364805 0.007745686322673047 -0.001098893966480688
-167.51232913332777 0.024688338494289426 -0.456351290856305 0.009345338440354057 -0.0013601797903264451
-162.98496888648108 0.034198100920003374 -0.4540287721437961 0.011002609706561861 -0.0015753032346848288
-158.45760863963437 0.045579607368620996 -0.4478219028039385 0.012713274244962098 -0.001739771593530718
-153.9302483927877 0.058930427455796276 -0.4389140055881313 0.014472841118592579 -0.001849382305176058
-149.40288814594098 0.07433655877908386 -0.42804446274871477 0.016276551045122305 -0.0019003005288011348
-144.8755278990943 0.09187120653674986 -0.4157049802892008 0.018119368160519702 -0.0018891342376188354
-140.3481676522476 0.11159338123485056 -0.40224109471429514 0.01999596848776972 -0.001813004648587211
-135.8208074054009 0.13354625550013627 -0.38790801715675816 0.02190072715880428 -0.001669610053689513
-131.29344715855422 0.15775524827773962 -0.37290285510167553 0.023827706661184028 -0.0014572814697678916
-126.7660869117075 0.18422583853502453 -0.35738389493816136 0.025770648413998627 -0.0011750289537514932
-122.2387266648608 0.21294114737325998 -0.3414824683871398 0.027722969814179474 -8.225779018910933E-4
-117.71136641801411 0.24385936306866954 -0.32531042027495083 0.02967776854678443 -4.003951251408267E-4
-113.18400617116741 0.2769111140024134 -0.308964906177267 0.03162783544952042 9.029507284344149E-5
-108.65664592432071 0.31199691630493254 -0.29253154970357187 0.03356567660616506 6.475042316639833E-4
-104.12928567747403 0.3489848340690546 -0.2760865911778012 0.03548354466988982 0.0012684816528812978
-99.60192543062733 0.3877084893957479 -0.25969842175058755 0.03737347874618614 0.0019497239538255598
-95.07456518378063 0.42796554817662275 -0.24342874860338615 0.03922735155721485 0.002686991333922343
-90.54720493693394 0.46951678777810946 -0.22733354080565604 0.04103692212108328 0.00347532979374515
-86.01984469008724 0.5120858282580856 -0.21146384160261444 0.04279389185671162 0.004309098829697167
-81.49248444324054 0.5553595836374029 -0.19586649033952153 0.04448996189890973 0.005182004498551788
-76.96512419639384 0.5989894682213969 -0.18058476942321722 0.04611688949260661 0.006087138163542527
-72.43776394954715 0.6425933783700245 -0.16565897470000124 0.047666541624130296 0.007017021646920706
-67.91040370270045 0.6857584643314208 -0.15112689871270923 0.04913094451613128 0.007963659868946897
-63.38304345585375 0.7280447097271456 -0.13702421350167615 0.05050232821903863 0.008918602297662
-58.855683209007054 0.7689893458312267 -0.12338474132193777 0.051773166219875176 0.00987301462162227
-54.32832296216036 0.8081121397789901 -0.11024060646796041 0.052936210693829006 0.010817761954863597
-49.800962715313666 0.8449216046750256 -0.09762226808626817 0.053984524676697 0.011743504571254849
-45.27360246846697 0.8789221789879341 -0.08555844131000345 0.05491151297125936 0.012640806644579205
-40.74624222162027 0.909622406721633 -0.07407592131115948 0.05571095396030179 0.013500257761874992
-36.21888197477357 0.9365441141683656 -0.0631993311526724 0.05637703463955779 0.014312606121448686
-31.691521727926876 0.9592325215219715 -0.05295081905247656 0.056904391079339624 0.015068901381805118
-27.16416148108018 0.9772671493584532 -0.043349733485733566 0.05728815616872222 0.015760644165335614
-22.636801234233484 0.9902732855724597 -0.03441230531986683 0.05752401590716068 0.01637993832062545
-18.109440987386787 0.9979336757636572 -0.026151364985839365 0.05760827472261458 0.016919641290568683
-13.58208074054009 1.0 -0.018576119809276648 0.05753792936830379 0.0173735073949227
-9.054720493693393 0.9963036136779776 -0.011692012462797052 0.0573107499521541 0.017736318577295348
-4.527360246846697 0.9867649723558354 -0.005500676540604488 0.05692536566280721 0.018003997230355128
0.0 0.9714011409966186 0.0 0.05638135185549012 0.018173696117901917
4.527360246846697 0.9503308150180134 0.00481569786912317 0.0556793144279144 0.01824386115024594
9.054720493693393 0.9237763575379636 0.00895537480008013 0.05482096691817511 0.01821426380502161
13.58208074054009 0.8920624826651682 0.012430861722219078 0.05380919554469602 0.018086001258945657
18.109440987386787 0.8556113816410984 0.015256351791572698 0.052648107513169944 0.017861463726417642
22.636801234233484 0.8149342851968255 0.017447788638532025 0.051343058343964985 0.01754426999318264
27.16416148108018 0.7706196659488028 0.019022160182046832 0.04990065470741218 0.01713917358606247
31.691521727926876 0.7233184911843636 0.019996702922067122 0.04832873025150323 0.016651943333500552
36.21888197477357 0.6737271209603695 0.020388018601835256 0.04663629310333968 0.016089223157341032
40.74624222162027 0.6225685928697986 0.02021110025380235 0.044833445042256614 0.015458376722853634
45.27360246846697 0.5705731305615747 0.0194782574288066 0.04293127368866509 0.01476732301453649
49.800962715313666 0.5184587505408257 0.01819792005847809 0.04094172033503913 0.014024368980485362
54.32832296216036 0.4669128190345659 0.01637328562204754 0.0388774271753331 0.013238045108038627
58.855683209007054 0.41657533160254 0.014000753007702649 0.03675156858959466 0.012416949195606474
63.38304345585375 0.3680245615876923 0.011068055342987826 0.03457767175309284 0.01156960273150928
67.91040370270045 0.3217655621674606 0.007551957681465105 0.03236943212869934 0.010704323259465048
72.43776394954715 0.27822182567700876 0.003415314710189854 0.030140529358588367 0.009829114991445839
76.96512419639384 0.23773021854298043 -0.0013968269308595183 0.0279044487145774 0.008951578813107654
81.49248444324054 0.20053913497471862 -0.0069625749090942435 0.02567431263882564 0.008078841799462309
86.01984469008724 0.16680965939492304 -0.013390774067839395 0.023462726072530787 0.0072175054893550035
90.54720493693394 0.13661940490652194 -0.020832119954776296 0.021281638309205438 0.006373611507019012
95.07456518378063 0.10996860748278264 -0.0294959993100834 0.019142223108257524 0.005552622693916153
99.60192543062733 0.08678800385138892 -0.03967693286485918 0.017054777850524564 0.004759417725320506
104.12928567747403 0.06694800277899425 -0.051797776101955684 0.015028641687964467 0.003998297210539057
108.65664592432071 0.05026866977973671 -0.06648361207644093 0.013072131996560266 0.0032729994695270565
113.18400617116741 0.036530077861497166 -0.08469523175992855 0.011192498024405022 0.00258672448309242
117.71136641801411 0.02548262503795609 -0.10798683229008255 0.009395890450025013 0.0019421648619175596
122.2387266648608 0.016856976644916755 -0.13904656518336012 0.007687345616748149 0.0013415430038125407
126.7660869117075 0.010373351726409602 -0.182957580556244 0.006070783449709113 7.866538485997483E-4
131.29344715855422 0.005749934007752682 -0.250583747528232 0.004549018434434647 2.7891274926890764E-4
135.8208074054009 0.0027102467908842135 -0.36956751301520985 0.003123783466870735 -1.8059207103537545E-4
140.3481676522476 9.89386265508995E-4 -0.6297838719974598 0.0017957667946409486 -5.910432194609293E-4
144.8755278990943 3.390588581479185E-4 -1.347185227467664 5.646625807873032E-4 -9.518350936941535E-4
149.40288814594098 5.314153761698861E-4 -2.3072030961607046 -5.707642325476753E-4 -0.0012625136709274963
153.9302483927877 0.001361717858580328 -2.6966737356855885 -0.0016125981506881154 -0.001522717212240546
158.45760863963437 0.0026499138886522076 -2.8592240772633506 -0.0025636781395580494 -0.0017321204700878991
162.98496888648108 0.004241226823023076 -2.9493901864133427 -0.0034274876636729377 -0.0018903853981570092
167.51232913332777 0.0060058976446265 -3.0102924496766548 -0.004208030734619423 -0.0019971216152823964
172.03968938017448 0.007838233382889827 -3.057553934377557 -0.004909695852402975 -0.0020518599091475923
176.56704962702116 0.009655126756853389 -3.0981891725667925 -0.005537110691723266 -0.002054041839070897
181.09440987386787 0.011394210825357425 -3.1358962891630124 -0.0060949913380353715 -0.002003027990450145
185.62177012071456 0.013011800718893357 -3.17289081600157 -0.006587990719614721 -0.0018981266520543163
190.14913036756127 0.014480752787204272 -3.210646250422469 -0.007020551521715307 -0.0017386436631578184
194.67649061440795 0.015788341688540878 -3.2502260605685542 -0.0073967692306218325 -0.0015239529669767568
199.20385086125467 0.016934221094480704 -3.292441463932299 -0.007720270983375093 -0.001253586087110245
203.73121110810135 0.017928497589676455 -3.3379261453967537 -0.00799411556442232 -9.273374065497896E-4
208.25857135494806 0.01878991415303421 -3.3871673168672913 -0.008220719194675076 -5.453808734582539E-4
212.78593160179474 0.019544113277937324 -3.4405120821129174 -0.008401810733113598 -1.0839268257459544E-4
217.31329184864143 0.02022193356682546 -3.4981597682390184 -0.00853841861581754 3.823263252264521E-4
221.84065209548814 0.020857689571652346 -3.5601478067637498 -0.008630890374757155 9.247352679434866E-4
226.36801234233482 0.021487393275591127 -3.6263379843895134 -0.008678944007415219 0.0015159516301835787
230.89537258918153 0.022146895787992258 -3.6964098289763836 -0.008681748914417272 0.0021521699364683033
235.42273283602822 0.022869956832475728 -3.769867355675217 -0.008638032690520348 0.0028286064159866874
239.95009308287493 0.023686283431685766 -3.846063484757117 -0.00854620883918689 0.0035394742848924555
244.4774533297216 0.024619612999549293 -3.9242428687627218 -0.008404519559610696 0.004277992875496666
249.00481357656832 0.025685944798232087 -4.003599267827209 -0.008211187181111064 0.0050364322358622746
253.532173823415 0.026892042800131754 -4.08333947604665 -0.007964567619904845 0.005806193111453288
258.0595340702617 0.028234338874199596 -4.162743792998455 -0.00766329940583378 0.006577920512925208
262.58689431710843 0.029698355908499414 -4.241214029353184 -0.007306442343157616 0.007341647479796536
267.1142545639551 0.03125874586749517 -4.318303560170852 -0.006893600678020533 0.00808696426781826
271.6416148108018 0.03287999966766694 -4.393728463814831 -0.0064250266754377625 0.008803207100354577
276.1689750576485 0.03451783767251147 -4.467362626873385 -0.0059017016786628565 0.00947965988985466
280.6963353044952 0.036121236392144804 -4.539221845244992 -0.0053253929469960866 0.010105761986284724
285.2236955513419 0.03763499415442013 -4.609442315629289 -0.004698685760324977 0.010671315048237675
289.7510557981886 0.03900269162814542 -4.678258027535739 -0.004024991364679 0.011166682534418163
294.27841604503527 0.04016986698141677 -4.745980141083823 -0.003308532251735219 0.011582976028486276
298.80577629188195 0.041087203756674226 -4.8129800207679025 -0.0025543069734241604 0.011912223569099368
303.3331365387287 0.041713524213300136 -4.879676475926848 -0.0017680371674967665 0.012147516276272863
307.8604967855754 0.04201839212075513 -4.946526999347698 -9.560997084607549E-4 0.01228313075564984
312.38785703242206 0.04198415528282692 -5.014022332166208 -1.2544691700171464E-4 0.01231462593616642
316.91521727926875 0.04160729655069456 -5.0826834029011305 7.164824075839146E-4 0.012238914074678538
321.4425775261155 0.040899008913812256 -5.153059475761838 0.0015618586785052038 0.01205430657866434
325.96993777296217 0.039884961193830476 -5.225726101019809 0.0024025618838905364 0.011760536009372
330.49729801980885 0.03860427173567158 -5.301281117053213 0.003230285004528148 0.011358756108499528
335.02465826665554 0.03710775461283271 -5.380336475299561 0.004036639289606655 0.010851521939456096
339.5520185135023 0.035455543342456514 -5.463503075432843 0.004813260548106723 0.010242752267852822
344.07937876034896 0.0337142289593203 -5.551365257917768 0.005551915869088659 0.009537676160900089
348.60673900719564 0.031953671463925463 -5.644441460495136 0.006244610317526167 0.008742765510532111
353.1340992540423 0.030243655883975734 -5.743128455108829 0.006883693155044109 0.007865654836483773
357.66145950088907 0.02865056684979643 -5.847629474308956 0.007461963012870255 0.006915049361108652
362.18881974773575 0.027234249498482015 -5.957872290868346 0.007972771216812632 0.005900622021574404
366.71617999458243 0.026045210761357584 -6.07343185541807 0.008410122161625733 0.004832899842769977
371.2435402414291 0.025122294845799076 -6.193481013560662 0.00876876929333507 0.0037231399691107525
375.7709004882758 0.024490941219833307 -6.316796599875541 0.009044304925956325 0.0025831956641623782
380.29826073512254 0.02416210386780234 -6.44184017306301 0.009233241836922689 0.001425372736928958
384.8256209819692 0.024131878227819183 -6.566910653041404 0.009333084393103933 2.622771312913296E-4
389.3529812288159 0.024381848285219374 -6.690338070183357 0.009342386888885605 -8.933452039209023E-4
393.8803414756626 0.024880132058513943 -6.810669414831482 0.009260796851338456 -0.0020287745966723367
398.40770172250933 0.02558307050035445 -6.926801252920308 0.00908908129455766 -0.0031314880392147816
402.935061969356 0.02643747400460665 -7.038036830252501 0.008829134281886005 -0.004189331171349053
407.4624222162027 0.02738331361895502 -7.14407304990395 0.008483964663873893 -0.00519068894180758
411.9897824630494 0.02835672201119065 -7.24494067127983 0.00805766347265248 -0.006124651715525428
416.5171427098961 0.02929315340284644 -7.340924846842169 0.0075553511318429585 -0.006981173402346419
421.0445029567428 0.030130543044274326 -7.43248699496305 0.006983105341244538 -0.007751218132659752
425.5718632035895 0.03081230606617018 -7.520199765453892 0.006347871171366255 -0.008426892106937546
430.09922345043617 0.03129002306678376 -7.60469907068425 0.005657355510445735 -0.009001557497948898
434.62658369728285 0.031525675539811435 -7.686652362501237 0.004919908507815688 -0.009469925675547134
439.1539439441296 0.031493317719682556 -7.766740171619835 0.004144395023265061 -0.009828127534903407
443.6813041909763 0.031180101639442206 -7.845647422443017 0.0033400593046715114 -0.010073759313851995
448.20866443782296 0.03058660769680878 -7.924061321091854 0.0025163861704500024 -0.010205902953126181
452.73602468466964 0.029726471890887486 -8.002673116668948 0.0016829618765214372 -0.010225120751980815
457.2633849315164 0.028625340840454306 -8.08218144614347 8.4933761800531E-4 -0.010133424768204339
461.79074517836307 0.027319224200796393 -8.163295147727585 2.4898281021918394E-5 -0.009934222074850223
466.31810542520975 0.02585234857449007 -8.246733311696712 -7.812613469924931E-4 -0.00963223758865166
470.84546567205643 0.024274645028022422 -8.333219933461203 -0.0015604511437309406 -0.009233416704237404
475.3728259189032 0.022639021824373065 -8.423469915156486 -0.0023044896766040734 -0.008744810386751062
479.90018616574986 0.02099858349623624 -8.518162540986937 -0.0030057967855104755 -0.008174445682204655
484.42754641259654 0.019403956211095745 -8.617898392585698 -0.0036574741919852896 -0.007531184795017001
488.9549066594432 0.017900867673533254 -8.723136810812495 -0.004253373905913245 -0.006824575956901136
493.48226690628996 0.016528108596559656 -8.834114639278862 -0.0047881544329847845 -0.0060646992773385824
498.00962715313665 0.015315973857928274 -8.950754184531 -0.0052573249495005935 -0.005262010634922611
502.53698739998333 0.014285247248141878 -9.072578837881803 -0.005657277715183784 -0.004427186456372168
507.06434764683 0.013446756980860794 -9.198665205354834 -0.0059853090531407456 -0.0035709719543175725
511.5917078936767 0.012801492716912307 -9.327663544759712 -0.006239629254929276 -0.00270403507592138
516.1190681405234 0.012341241390865055 -9.457905751289655 -0.006419361783383771 -0.0018368280722278973
520.6464283873701 0.012049670822243327 -9.587591155287784 -0.0065245321594420815 -9.794582521045578E-4
525.1737886342169 0.011903768525880177 -9.715007462969512 -0.0065560469407377215 -1.4156915193884204E-4
529.7011488810635 0.011875529192460597 -9.838727620051085 -0.006515663233455329 6.6776695300226E-4
534.2285091279102 0.011933778181325638 -9.95773480499646 -0.0064059492245960685 0.001440144537164221
538.7558693747569 0.012046019631941188 -10.071459067717944 -0.006230236275372303 0.0021679078786380245
543.2832296216036 0.012180205564055314 -10.179740262470581 -0.005992563171754926 0.0028442214222313546
547.8105898684503 0.012306335397407801 -10.282747975683504 -0.005697613178629416 0.003463127331054922
552.337950115297 0.012397812331068582 -10.380888670892583 -0.005350644584354284 0.004019590204877428
556.8653103621436 0.012432502617542389 -10.47472063857033 -0.004957415450372611 0.0045095290145418365
561.3926706089904 0.012393464661675305 -10.564886450402115 -0.004524103297244266 0.0049298363554755
565.9200308558371 0.012269335903961648 -10.652064681971313 -0.004057220469234839 0.005278385170819988
570.4473911026838 0.012054385574526809 -10.73693841989806 -0.0035635259327961525 0.005554023146348011
574.9747513495305 0.01174825970362926 -10.820176569646788 -0.0030499342900700637 0.005756555043820977
579.5021115963772 0.011355460420417933 -10.902424010974272 -0.00252342283698571 0.005886713322924235
584.0294718432239 0.010884613835483975 -10.98429730489682 -0.0019909375743629547 0.005946117507471752
588.5568320900705 0.01034758908117914 -11.066383426461572 -0.0014592991931227308 0.0059372228789649605
593.0841923369172 0.009758534952531936 -11.149239652737606 -9.351101987567553E-4 0.005863259226428756
597.6115525837639 0.009132899876195382 -11.233393207605785 -4.2466450638632203E-4 0.005728160539589542
602.1389128306107 0.008486495778733906 -11.319339563613733 6.613898987146626E-5 0.005536486694739335
606.6662730774574 0.007834657334748389 -11.407538469365415 5.318772123661493E-4 0.005293338339678111
611.1936333243041 0.007191535918402265 -11.498406869190516 9.676762823820678E-4 0.005004266326323469
615.7209935711508 0.006569553532848963 -11.592307987926704 0.0013692756606429823 0.004675177157927255
620.2483538179974 0.005979027415830326 -11.689536067551805 0.0017330812546522928 0.004312236004757512
624.7757140648441 0.0054279623131304015 -11.790296686333106 0.0020562058457158005 0.00392176889199037
629.3030743116908 0.004921995824388875 -11.894683390474961 0.0023364954476468407 0.0035101656731601973
633.8304345585375 0.0044644736936244826 -12.002652597371808 0.0025725405817140137 0.0030837853710357992
638.3577948053843 0.004056626938045029 -12.11400031494041 0.002763671925254007 0.0026488653967668523
642.885155052231 0.003697821290101145 -12.22834582444502 0.002909940340425947 0.0022114360511400174
647.4125152990777 0.003385851111071327 -12.345128433783975 0.003012081881411477 0.001777241573944865
651.9398755459243 0.0031172538997522744 -12.463622873775781 0.0030714689730800544 0.001351668844973213
656.467235792771 0.002887626745295674 -12.582976253160014 0.003090049509085144 9.396846597821187E-4
660.9945960396177 0.002691931520711115 -12.702264876768952 0.0030702760912382806 5.457823117707675E-4
665.5219562864644 0.002524780403428317 -12.820563962110919 0.0030150279890032196 1.7393801568181758E-4
670.0493165333111 0.002380696852303766 -12.937019420610723 0.0029275286113233075 -1.724224880763523E-4
674.5766767801578 0.0022543492339460952 -13.050910149814795 0.002811261337784511 -4.90446999233506E-4
679.1040370270046 0.002140754992225792 -13.161692062865916 0.0026698864506206816 -7.778696259262746E-4
683.6313972738512 0.0020354529872366883 -13.269020079742317 0.002507161654926965 -0.0010330134576885038
688.1587575206979 0.001934640946430755 -13.37274942690244 0.0023268682953541 -0.0012547835023476008
692.6861177675446 0.00183527444654603 -13.472921125092762 0.002132744906746923 -0.0014426503892903475
697.2134780143913 0.0017351239530792972 -13.569737858370894 0.0019284292130273182 -0.0015966254712241794
701.740838261238 0.0016327874631395852 -13.66353587819559 0.001717409154668026 -0.001717228073096505
706.2681985080847 0.0015276582685413813 -13.754757033027927 0.0015029830201391768 -0.001805445740960362
710.7955587549313 0.0014198500892467886 -13.843923203339601 0.0012882283151343463 -0.0018626884359573255
715.3229190017781 0.001310084952928094 -13.931613844520472 0.0010759786513757758 -0.00189073769959459
719.8502792486248 0.0011995522443474153 -14.01844617732995 8.688076905068257E-4 -0.0018916918859348782
724.3776394954715 0.0010897498391861983 -14.105056812306971 6.69019043470738E-4 -0.0018679086132579665
728.9049997423182 9.823197679285046E-4 -14.192083182096935 4.786409971333469E-4 -0.001821945630368802
733.4323599891649 8.788911654212915E-4 -14.280143038767173 2.994250043371996E-4 -0.0017565013182952393
737.9597202360115 7.809422692037257E-4 -14.36981047742931 1.3284701124147133E-4 -0.0016743560531127812
742.4870804828582 6.896910386516868E-4 -14.461587579333985 -1.9889116901463677E-5 -0.0015783156360020078
747.0144407297049 6.060208444393686E-4 -14.5558719806076 -1.5784659810549762E-4 -0.001471157948206767
751.5418009765516 5.304440085751554E-4 -14.652922569888299 -2.8034947666693996E-4 -0.0013555839075777537
756.0691612233984 4.631022028205196E-4 -14.752827976615398 -3.8697522331901195E-4 -0.0012341736871862073
760.5965214702451 4.037992765737265E-4 -14.855484971707055 -4.775461460487182E-4 -0.001109349004152592
765.1238817170918 3.5205936031322365E-4 -14.960595268317784 -5.521194450006082E-4 -9.833420997836756E-4
769.6512419639384 3.0720134477566543E-4 -15.067688111316164 -6.109756722430696E-4 -8.581718145943559E-4
774.1786022107851 2.6842019979105984E-4 -15.176171598842318 -6.546053320366976E-4 -7.356269210871449E-4
778.7059624576318 2.348660561293432E-4 -15.285408478266133 -6.836933761594454E-4 -6.172566234983815E-4
783.2333227044785 2.0571338208602756E-4 -15.394804640306921 -6.991014059642349E-4 -5.043678798164517E-4
787.7606829513252 1.8021469278379517E-4 -15.503894003314775 -7.018474810203062E-4 -3.9802896165053576E-4
792.288043198172 1.5773571885206278E-4 -15.612404092753133 -6.93083545811757E-4 -2.9907845697116185E-4
796.8154034450187 1.3777149769202032E-4 -15.720291884858531 -6.740706135059981E-4 -2.081387535940435E-4
801.3427636918653 1.1994512531764381E-4 -15.827746605992568 -6.461519820178803E-4 -1.2563292959018996E-4
805.870123938712 1.0399267233822935E-4 -15.935161980375453 -6.107248954502604E-4 -5.18039291020209E-5
810.3974841855587 8.973886482031951E-5 -16.043083189521774 -5.692111964434521E-4 1.3265077801218909E-5
814.9248444324054 7.706850108739501E-5 -16.152133891060892 -5.230276346974233E-4 6.96301660777832E-5
819.4522046792521 6.589825974492418E-5 -16.262927832902115 -4.7355659623157104E-4 1.1746682652030112E-4
823.9795649260988 5.6152678099689776E-5 -16.375970110435226 -4.221180888158973E-4 1.5705151264251704E-4
828.5069251729454 4.774683026545713E-5 -16.491556639276517 -3.6994385356303955E-4 1.8874501658926933E-4
833.0342854197922 4.057682774787516E-5 -16.609687107107575 -3.1815446384586625E-4 2.1297789260278652E-4
837.5616456666389 3.451791765185113E-5 -16.730014025305415 -2.6774021516684293E-4 2.3023792136656247E-4
842.0890059134856 2.9428848830485278E-5 -16.851853014017415 -2.1954650075130597E-4 2.4105941183885502E-4
846.6163661603323 2.5160443225519298E-5 -16.97427083500837 -1.742642085136691E-4 2.4601398532180256E-4
851.143726407179 2.1566008013621464E-5 -17.096246313016934 -1.3242547099480789E-4 2.457023911854473E-4
855.6710866540257 1.851134135898532E-5 -17.216873034567605 -9.440486074837476E-5 2.40746870745933E-4
860.1984469008723 1.5882544004906624E-5 -17.33555629868821 -6.042586353069113E-5 2.3178361474971633E-4
864.725807147719 1.3590528176009944E-5 -17.452160590224437 -3.057219791864874E-5 2.1945494395621116E-4
869.2531673945657 1.157187059242923E-5 -17.567084332574908 -4.803301974064101E-6 2.0440096923849413E-4
873.7805276414125 9.786349388030019E-6 -17.681261124955597 1.702690522713674E-5 1.8725064126390143E-4
878.3078878882592 8.212025850697458E-6 -17.796096924115318 3.5149039311856916E-5 1.6861226189499682E-4
882.8352481351059 6.839016889054549E-6 -17.91334573965026 4.9856188817239254E-5 1.4906368165910588E-4
887.3626083819526 5.663140265791831E-6 -18.034907062285306 6.148193889779545E-5 1.291425336387608E-4
891.8899686287992 4.680436501900477E-6 -18.16250914417661 7.037958381801261E-5 1.0933694131310065E-4
896.4173288756459 3.883247711607812E-6 -18.297247217955864 7.690349904622172E-5 9.007717851229155E-5
900.9446891224926 3.258149096328233E-6 -18.439011514794686 8.139344980833852E-5 7.172875150605745E-5
905.4720493693393 2.785664825176687E-6 -18.585988651693057 8.416237420708764E-5 5.45873194645862E-5
909.9994096161861 2.441419202643725E-6 -18.73457730816459 8.548791588773702E-5 3.887577783374138E-5
914.5267698630328 2.198211090012314E-6 -18.880007780561698 8.560771577492197E-5 2.474371058730266E-5
919.0541301098795 2.0284596192913818E-6 -19.017551098806614 8.471822600215186E-5 1.2269284584008286E-5
923.5814903567261 1.9065327300564603E-6 -19.14373976790442 8.297660038485926E-5 1.4635250895955104E-6
928.1088506035728 1.8106018711087692E-6 -19.25701755414935 8.050505865666926E-5 -7.723212888563646E-6
932.6362108504195 1.7238262767310868E-6 -19.35769599832861 7.739702445767764E-5 -1.5392868990142425E-5
937.1635710972662 1.6348227630805519E-6 -19.447504009062115 7.372430178769091E-5 -2.1689771990068048E-5
941.6909313441129 1.537496627212473E-6 -19.52907209609416 6.954457745412126E-5 -2.6789636584026334E-5
946.2182915909596 1.4303834553042184E-6 -19.605532036498637 6.490860913100639E-5 -3.088792874432003E-5
950.7456518378063 1.3156799348044255E-6 -19.68025250077436 5.986656769256076E-5 -3.418807955247762E-5
955.273012084653 1.1981325186169962E-6 -19.75664554415672 5.44731344496208E-5 -3.6890024755591275E-5
959.8003723314997 1.0839193408071624E-6 -19.837946805904224 4.8791094819432465E-5 -3.9179532135570375E-5
964.3277325783464 9.796175545633312E-7 -19.92686793086481 4.289330745344272E-5 -4.121875354232069E-5
968.8550928251931 8.913077394354663E-7 -20.025054081971952 3.686305239015562E-5 -4.3138403556925764E-5
973.3824530720398 8.238377926377273E-7 -20.13240092874321 3.079286726052008E-5 -4.503192056211746E-5
977.9098133188864 7.802545348870597E-7 -20.246518459718303 2.478206426671901E-5 -4.695190522664644E-5
982.4371735657331 7.614110120211594E-7 -20.36282691692425 1.8933182832958862E-5 -4.8909052109652024E-5
986.9645338125799 7.657659169848414E-7 -20.475586357144245 1.3347675769842102E-5 -5.0873688950845686E-5
991.4918940594266 7.894007716717675E-7 -20.579501144502842 8.12115369272027E-6 -5.277991396813871E-5
996.0192543062733 8.262819645814709E-7 -20.671027167233824 3.3385262820840377E-6 -5.453217618902629E-5
1000.54661455312 8.687817460861076E-7 -20.74878457836266 -9.306183301295626E-7 -5.60139837099852E-5
1005.0739747999667 9.084423416047048E-7 -20.813188816207244 -4.636062922023587E-6 -5.709826041751587E-5
1009.6013350468133 9.369237580914739E-7 -20.86578503263504 -7.750126519564999E-6 -5.765871758152649E-5
1014.12869529366 9.47027901069845E-7 -20.90866651963161 -1.0269668030840517E-5 -5.758147987870836E-5
1018.6560555405067 9.336528102631019E-7 -20.944113824030637 -1.2216703219573797E-5 -5.677612345334877E-5
1023.1834157873534 8.945154295765424E-7 -20.974440031271918 -1.363748258029361E-5 -5.5185262423390175E-5
1027.7107760342 8.304998239027352E-7 -21.00198538940341 -1.4599970314811466E-5 -5.279187133557373E-5
1032.2381362810468 7.455425799323971E-7 -21.029215255646008 -1.5189774914709303E-5 -4.962365945859152E-5
1036.7654965278934 6.460503039335584E-7 -21.05889812361002 -1.5504704077362682E-5 -4.5754015262023615E-5
1041.2928567747401 5.399379498997093E-7 -21.09435616325983 -1.5648241784340352E-5 -4.1299303827663636E-5
1045.820217021587 4.354578193838857E-7 -21.139774329656873 -1.5722361639738063E-5 -3.641260561621183E-5
1050.3475772684337 3.4003506079436576E-7 -21.200490704862432 -1.58201848079778E-5 -3.127430436710834E-5
1054.8749375152804 2.5932206196911965E-7 -21.282983266219162 -1.6019050059626905E-5 -2.6080233052849274E-5
1059.402297762127 1.9663034934626273E-7 -21.393783986464072 -1.637457648288751E-5 -2.1028337037149833E-5
1063.9296580089738 1.5280820057308154E-7 -21.53596830902692 -1.69162591177637E-5 -1.6304983248303765E-5
1068.4570182558205 1.2652994595617946E-7 -21.70294957262829 -1.7645042193792258E-5 -1.2072110495799553E-5
1072.9843785026671 1.148772198839418E-7 -21.87490196971106 -1.8533168094983876E-5 -8.456366342895748E-6
1077.5117387495138 1.1404603133813576E-7 -22.026457751903003 -1.9526413301988353E-5 -5.541209807880098E-6
1082.0390989963605 1.200162973848287E-7 -22.140760597013347 -2.054861171061792E-5 -3.3626892974377945E-6
1086.5664592432072 1.2906630382065982E-7 -22.21443148907801 -2.1508151392671553E-5 -1.9092565946981957E-6
1091.0938194900539 1.3808396392458417E-7 -22.25254991123891 -2.230593552127802E-5 -1.125585425845213E-6
1095.6211797369006 1.446943049200358E-7 -22.26271862673626 -2.2844143674393475E-5 -9.199684020177954E-7
1100.1485399837472 1.472662573308655E-7 -22.252024446182702 -2.3035034591540877E-5 -1.1745119272949668E-6
1104.675900230594 1.4487062199250797E-7 -22.226086001199405 -2.2809008483957655E-5 -1.7570745659005043E-6
1109.2032604774406 1.372384570228462E-7 -22.18892675705942 -2.2121201416512128E-5 -2.5337317850585236E-6
1113.7306207242873 1.2473033987775795E-7 -22.143031269220693 -2.095601278343805E-5 -3.3805182075178257E-6
1118.257980971134 1.0829212731405041E-7 -22.08933698504282 -1.932915771574354E-5 -4.1933020452449906E-6
1122.7853412179809 8.9358304050001E-8 -22.027038942293494 -1.7287070251696396E-5 -4.894874157125787E-6
1127.3127014648276 6.967576736867593E-8 -21.953064777703055 -1.4903735851869956E-5 -5.438660504145163E-6
1131.8400617116743 5.105263531953689E-8 -21.860976847508752 -1.2275276400841251E-5 -5.808854249083909E-6
1136.367421958521 3.507314805308353E-8 -21.738970844068383 -9.512820888266231E-6 -6.017167540935756E-6
1140.8947822053676 2.2843797176439015E-8 -21.5672188639764 -6.734347926255258E-6 -6.096776240232587E-6
1145.4221424522143 1.4835948807062625E-8 -21.31942218814497 -4.056266014091427E-6 -6.094330158308009E-6
1149.949502699061 1.0865372886876994E-8 -20.98802503211568 -1.5854962685659962E-6 -6.061092345057255E-6
1154.4768629459077 1.0208799934774099E-8 -20.63531766450339 5.872574863895956E-7 -6.044330331334299E-6
