64 64
36.19328968099919 -0.31085051880033415 464.77251982991
0.0 0.0 0.0 0.0 0.0 0.0 0.0 0.0 0.0 0.0 0.0 0.0 0.0 0.0 0.0 0.0 0.0 0.0 0.0 0.0 0.0 0.0 0.0 0.0 0.0 0.0 0.0 0.0 0.0 0.0 0.0 0.0 0.0 0.0 0.0 0.0 0.0 0.0 0.0 0.0 0.0 0.0 0.0 0.0 0.0 0.0 0.0 0.0 0.0 0.0 0.0 0.0 0.0 0.0 0.0 0.0 0.0 0.0 0.0 0.0 0.0 0.0 0.0 0.0 
0.0 0.0 3.304141737410633E-5 0.0 0.0 0.0 0.0 0.0 0.0 0.0 0.0 0.0 0.0 0.0 0.0 0.0 0.0 0.0 0.0 0.0 0.0 0.0 0.0 0.0 0.0 0.0 0.0 0.0 0.0 0.0 0.0 0.0 0.0 0.0 0.0 0.0 0.0 0.0 0.0 0.0 0.0 0.0 0.0 0.0 0.0 0.0 0.0 0.0 0.0 0.0 0.0 0.0 0.0 0.0 0.0 0.0 0.0 0.0 0.0 0.0 0.0 0.0 0.0 0.0 
0.0 2.0926063509275046E-4 6.063856473101248E-5 0.0 0.0 0.0 0.0 0.0 3.229152724959046E-5 0.0 0.0 0.0 0.0 0.0 0.0 0.0 0.0 0.0 0.0 0.0 0.0 0.0 0.0 0.0 0.0 0.0 0.0 0.0 0.0 0.0 0.0 0.0 0.0 0.0 0.0 0.0 0.0 0.0 0.0 0.0 0.0 0.0 0.0 0.0 0.0 0.0 0.0 0.0 0.0 0.0 0.0 0.0 0.0 0.0 0.0 0.0 0.0 0.0 0.0 0.0 0.0 0.0 0.0 0.0 
0.0 1.0719709562304245E-4 1.285693579675143E-4 0.0 0.0 0.0 0.0 0.0 6.975177720933652E-5 1.173570852406893E-4 0.0 0.0 0.0 0.0 0.0 0.0 0.0 0.0 0.0 0.0 0.0 0.0 0.0 0.0 0.0 0.0 0.0 0.0 0.0 0.0 0.0 0.0 0.0 0.0 0.0 0.0 0.0 0.0 0.0 0.0 0.0 0.0 0.0 0.0 0.0 0.0 0.0 0.0 0.0 0.0 0.0 0.0 0.0 0.0 0.0 0.0 0.0 0.0 0.0 0.0 0.0 0.0 0.0 0.0 
0.0 0.0 5.211148709212907E-5 0.0 0.0 0.0 0.0 0.0 2.8529015744990768E-5 1.5532034198268197E-4 0.0 0.0 0.0 0.0 0.0 0.0 0.0 0.0 0.0 0.0 0.0 0.0 0.0 0.0 0.0 0.0 0.0 0.0 0.0 0.0 0.0 0.0 0.0 0.0 0.0 0.0 0.0 0.0 0.0 0.0 0.0 0.0 0.0 0.0 0.0 0.0 0.0 0.0 0.0 0.0 0.0 0.0 0.0 0.0 0.0 0.0 0.0 0.0 0.0 0.0 0.0 0.0 0.0 0.0 
0.0 0.0 3.8986077822206886E-5 0.0 0.0 0.0 0.0 0.0 5.570293683881515E-5 1.9367050206778118E-4 0.0 0.0 0.0 0.0 0.0 0.0 0.0 0.0 0.0 0.0 0.0 0.0 0.0 0.0 0.0 0.0 0.0 0.0 0.0 0.0 0.0 0.0 0.0 0.0 0.0 0.0 0.0 0.0 0.0 0.0 0.0 0.0 0.0 0.0 0.0 0.0 0.0 0.0 0.0 0.0 0.0 0.0 0.0 0.0 0.0 0.0 0.0 0.0 0.0 0.0 0.0 0.0 0.0 0.0 
0.0 5.257095572201026E-5 1.8358497594423502E-4 3.4452023485828186E-5 0.0 0.0 0.0 0.0 1.8813506335508624E-5 5.1950045668742275E-5 0.0 0.0 0.0 0.0 0.0 0.0 0.0 0.0 0.0 0.0 0.0 0.0 0.0 0.0 0.0 0.0 0.0 0.0 0.0 0.0 0.0 0.0 0.0 0.0 0.0 0.0 0.0 0.0 0.0 0.0 0.0 0.0 0.0 0.0 0.0 0.0 0.0 0.0 0.0 0.0 0.0 0.0 0.0 0.0 0.0 0.0 0.0 0.0 0.0 0.0 0.0 0.0 0.0 0.0 
0.0 2.693030996980997E-5 3.375273277148339E-4 1.5981790089220436E-5 0.0 0.0 0.0 0.0 0.0 0.0 0.0 0.0 0.0 0.0 0.0 0.0 0.0 0.0 0.0 0.0 0.0 0.0 0.0 0.0 0.0 0.0 0.0 0.0 0.0 0.0 0.0 0.0 0.0 0.0 0.0 0.0 0.0 0.0 0.0 0.0 0.0 0.0 0.0 0.0 0.0 0.0 0.0 0.0 0.0 0.0 0.0 0.0 0.0 0.0 0.0 0.0 0.0 0.0 0.0 0.0 0.0 0.0 0.0 0.0 
0.0 3.2288140151032446E-4 2.1496051861982424E-4 0.0 0.0 0.0 0.0 1.397919571317579E-4 0.0 0.0 0.0 0.0 0.0 0.0 0.0 0.0 0.0 0.0 0.0 0.0 0.0 0.0 0.0 0.0 0.0 0.0 0.0 0.0 0.0 0.0 0.0 0.0 0.0 0.0 0.0 0.0 0.0 0.0 0.0 0.0 0.0 0.0 0.0 0.0 0.0 0.0 0.0 0.0 0.0 0.0 0.0 0.0 0.0 0.0 0.0 0.0 0.0 0.0 0.0 0.0 0.0 0.0 0.0 0.0 
0.0 3.583984275068656E-4 1.4354843702918114E-4 0.0 0.0 0.0 2.0921723822553445E-4 5.6159791029264066E-5 0.0 0.0 0.0 0.0 0.0 0.0 0.0 0.0 0.0 0.0 0.0 0.0 0.0 0.0 0.0 0.0 0.0 0.0 0.0 0.0 0.0 0.0 0.0 0.0 0.0 0.0 0.0 0.0 0.0 0.0 0.0 0.0 0.0 0.0 0.0 0.0 0.0 0.0 0.0 0.0 0.0 0.0 0.0 0.0 0.0 0.0 0.0 0.0 0.0 0.0 0.0 0.0 0.0 0.0 0.0 0.0 
0.0 9.886593447657484E-5 3.775604777435048E-4 6.85098823493297E-5 0.0 0.0 8.302848881669185E-5 1.3600694201788664E-6 0.0 0.0 0.0 0.0 0.0 0.0 0.0 0.0 0.0 0.0 0.0 0.0 0.0 0.0 0.0 0.0 0.0 0.0 0.0 0.0 0.0 0.0 0.0 0.0 0.0 0.0 0.0 0.0 0.0 0.0 0.0 0.0 0.0 0.0 0.0 0.0 0.0 0.0 0.0 0.0 0.0 0.0 0.0 0.0 0.0 0.0 0.0 0.0 0.0 0.0 0.0 0.0 0.0 0.0 0.0 0.0 
0.0 0.0 2.605000994604734E-4 6.651013004299991E-5 0.0 0.0 0.0 0.0 0.0 0.0 0.0 0.0 0.0 0.0 0.0 0.0 0.0 0.0 0.0 0.0 0.0 0.0 0.0 0.0 0.0 0.0 0.0 0.0 0.0 0.0 0.0 0.0 0.0 0.0 0.0 0.0 0.0 0.0 0.0 0.0 0.0 0.0 0.0 0.0 0.0 0.0 0.0 0.0 0.0 0.0 0.0 0.0 0.0 0.0 0.0 0.0 0.0 0.0 0.0 0.0 0.0 0.0 0.0 0.0 
0.0 1.1998456430253132E-4 4.883206899493189E-5 1.6110459640899726E-5 0.0 0.0 0.0 0.0 0.0 0.0 0.0 0.0 0.0 0.0 0.0 0.0 0.0 0.0 0.0 0.0 0.0 0.0 0.0 0.0 0.0 0.0 0.0 0.0 0.0 0.0 0.0 0.0 0.0 0.0 0.0 0.0 0.0 0.0 0.0 0.0 0.0 0.0 0.0 0.0 0.0 0.0 0.0 0.0 0.0 0.0 0.0 0.0 0.0 0.0 0.0 0.0 0.0 0.0 0.0 0.0 0.0 0.0 0.0 0.0 
0.0 6.14640054357415E-5 1.1445545528289462E-4 0.0 0.0 0.0 0.0 0.0 0.0 0.0 0.0 0.0 0.0 0.0 0.0 0.0 0.0 0.0 0.0 0.0 0.0 0.0 0.0 0.0 0.0 0.0 0.0 0.0 0.0 0.0 0.0 0.0 0.0 0.0 0.0 0.0 0.0 0.0 0.0 0.0 0.0 0.0 0.0 0.0 0.0 0.0 0.0 0.0 0.0 0.0 0.0 0.0 0.0 0.0 0.0 0.0 0.0 0.0 0.0 0.0 0.0 0.0 0.0 0.0 
0.0 0.0 1.341460035135695E-4 1.4478592509047916E-4 0.0 0.0 0.0 0.0 0.0 0.0 0.0 0.0 0.0 0.0 0.0 0.0 0.0 0.0 0.0 0.0 0.0 0.0 0.0 0.0 0.0 0.0 0.0 0.0 0.0 0.0 0.0 0.0 0.0 0.0 0.0 0.0 0.0 0.0 0.0 0.0 0.0 0.0 0.0 0.0 0.0 0.0 0.0 0.0 0.0 0.0 0.0 0.0 0.0 0.0 0.0 0.0 0.0 0.0 0.0 0.0 0.0 0.0 0.0 0.0 
0.0 0.0 1.343897641191654E-4 9.786352203500371E-5 4.9106831876591646E-5 9.149145099233084E-5 6.390778249386408E-5 4.260857145967238E-5 0.0 0.0 0.0 0.0 0.0 0.0 0.0 0.0 0.0 0.0 0.0 0.0 0.0 0.0 0.0 0.0 0.0 0.0 0.0 0.0 0.0 0.0 0.0 0.0 0.0 0.0 0.0 0.0 0.0 0.0 0.0 0.0 0.0 0.0 0.0 0.0 0.0 0.0 0.0 0.0 0.0 0.0 0.0 0.0 0.0 0.0 0.0 0.0 0.0 0.0 0.0 0.0 0.0 0.0 0.0 0.0 
0.0 0.0 2.782090118808441E-4 1.4241025085961945E-5 9.94468625672524E-5 1.0981599517255014E-4 1.9636550427438562E-4 1.6014541055920945E-5 8.426900216277561E-6 0.0 0.0 0.0 0.0 0.0 0.0 0.0 0.0 0.0 0.0 0.0 0.0 0.0 0.0 0.0 0.0 0.0 0.0 0.0 0.0 0.0 0.0 0.0 0.0 0.0 0.0 0.0 0.0 0.0 0.0 0.0 0.0 0.0 0.0 0.0 0.0 0.0 0.0 0.0 0.0 0.0 0.0 0.0 0.0 0.0 0.0 0.0 0.0 0.0 0.0 0.0 0.0 0.0 0.0 0.0 
0.0 0.0 1.3809741854015257E-4 1.5968921581070318E-4 4.31383713299762E-5 1.5272296771484746E-4 1.544729149448901E-4 3.0436022985066966E-5 2.548461538419697E-4 3.92613147666594E-5 0.0 0.0 0.0 0.0 0.0 0.0 0.0 0.0 0.0 0.0 0.0 0.0 0.0 0.0 0.0 0.0 0.0 0.0 0.0 0.0 0.0 0.0 0.0 0.0 0.0 0.0 0.0 0.0 0.0 0.0 0.0 0.0 0.0 0.0 0.0 0.0 0.0 0.0 0.0 0.0 0.0 0.0 0.0 0.0 0.0 0.0 0.0 0.0 0.0 0.0 0.0 0.0 0.0 0.0 
0.0 2.5087075872121226E-4 1.7023526027545212E-4 1.099474784983147E-4 3.89778272118375E-6 5.138767809211706E-5 2.0829537518655237E-4 1.143945743721154E-5 1.3131980693467822E-4 1.3179660019204088E-5 0.0 0.0 0.0 0.0 0.0 0.0 0.0 0.0 0.0 0.0 0.0 0.0 0.0 0.0 0.0 0.0 0.0 0.0 0.0 0.0 0.0 0.0 0.0 0.0 0.0 0.0 0.0 0.0 0.0 0.0 0.0 0.0 0.0 0.0 0.0 0.0 0.0 0.0 0.0 0.0 0.0 0.0 0.0 0.0 0.0 0.0 0.0 0.0 0.0 0.0 0.0 0.0 0.0 0.0 
0.0 4.015438282653581E-4 2.8287434979150524E-4 1.663956196665556E-5 0.0 0.0 1.2417060619783103E-4 0.0 1.4856478795167792E-5 0.0 0.0 0.0 0.0 0.0 0.0 0.0 0.0 0.0 0.0 0.0 0.0 0.0 0.0 0.0 0.0 0.0 0.0 0.0 0.0 0.0 0.0 0.0 0.0 0.0 0.0 0.0 0.0 0.0 0.0 0.0 0.0 0.0 0.0 0.0 0.0 0.0 0.0 0.0 0.0 0.0 0.0 0.0 0.0 0.0 0.0 0.0 0.0 0.0 0.0 0.0 0.0 0.0 0.0 0.0 
0.0 3.0693259351103697E-4 4.600694234955857E-4 1.1606574620340439E-4 0.0 1.4581476596077233E-5 2.188577481492224E-5 1.11690690792013E-5 0.0 0.0 0.0 0.0 0.0 0.0 0.0 0.0 0.0 0.0 0.0 0.0 0.0 0.0 0.0 0.0 0.0 0.0 0.0 0.0 0.0 0.0 0.0 0.0 0.0 0.0 0.0 0.0 0.0 0.0 0.0 0.0 0.0 0.0 0.0 0.0 0.0 0.0 0.0 0.0 0.0 0.0 0.0 0.0 0.0 0.0 0.0 0.0 0.0 0.0 0.0 0.0 0.0 0.0 0.0 0.0 
0.0 2.3094146553037239E-4 4.1181713782507246E-4 1.8221402780253855E-4 8.544935710065528E-6 6.102412882583893E-6 0.0 4.197923309740121E-6 0.0 0.0 0.0 0.0 0.0 0.0 0.0 0.0 0.0 0.0 0.0 0.0 0.0 0.0 0.0 0.0 0.0 0.0 0.0 0.0 0.0 0.0 0.0 0.0 0.0 0.0 0.0 0.0 0.0 0.0 0.0 0.0 0.0 0.0 0.0 0.0 0.0 0.0 0.0 0.0 0.0 0.0 0.0 0.0 0.0 0.0 0.0 0.0 0.0 0.0 0.0 0.0 0.0 0.0 0.0 0.0 
0.0 2.1062862257255149E-4 1.1529413018597223E-4 5.955027689504043E-5 2.380970972267993E-4 0.0 0.0 0.0 0.0 0.0 0.0 0.0 0.0 0.0 0.0 0.0 0.0 0.0 0.0 0.0 0.0 0.0 0.0 0.0 0.0 0.0 0.0 0.0 0.0 0.0 0.0 0.0 0.0 0.0 0.0 0.0 0.0 0.0 0.0 0.0 0.0 0.0 0.0 0.0 0.0 0.0 0.0 0.0 0.0 0.0 0.0 0.0 0.0 0.0 0.0 0.0 0.0 0.0 0.0 0.0 0.0 0.0 0.0 0.0 
0.0 2.9961984394042475E-4 3.0908203696517976E-5 0.0 3.669629040696391E-4 1.2245682853809163E-4 0.0 0.0 0.0 0.0 0.0 0.0 0.0 0.0 0.0 0.0 0.0 0.0 0.0 0.0 0.0 0.0 0.0 0.0 0.0 0.0 0.0 0.0 0.0 0.0 0.0 0.0 0.0 0.0 0.0 0.0 0.0 0.0 0.0 0.0 0.0 0.0 0.0 0.0 0.0 0.0 0.0 0.0 0.0 0.0 0.0 0.0 0.0 0.0 0.0 0.0 0.0 0.0 0.0 0.0 0.0 0.0 0.0 0.0 
0.0 3.325925235559337E-4 1.2976977635752477E-4 5.001875531684358E-5 3.492318102142531E-4 1.802382459707684E-4 7.042872433504665E-5 0.0 2.925042317639977E-5 0.0 0.0 0.0 0.0 0.0 0.0 0.0 0.0 1.9226030633995986E-4 0.0 0.0 0.0 2.1943564474460292E-4 0.0 0.0 0.0 0.0 0.0 0.0 0.0 0.0 0.0 0.0 0.0 0.0 0.0 0.0 0.0 0.0 0.0 0.0 0.0 0.0 0.0 0.0 0.0 0.0 0.0 0.0 0.0 0.0 0.0 0.0 0.0 0.0 0.0 0.0 0.0 0.0 0.0 0.0 0.0 0.0 0.0 0.0 
0.0 2.939125499784983E-4 3.364398660572233E-4 4.447510875770364E-5 1.921942777232849E-4 1.329785305638533E-4 7.990100527094486E-5 1.113921568451926E-5 3.2050627587214334E-5 2.715585145145985E-4 0.0 0.0 0.0 0.0 0.0 0.0 3.6189040734608004E-5 3.256357874211297E-4 1.805120266204631E-4 0.0 3.689569714288949E-5 2.410646951825937E-4 1.6139651756708938E-4 0.0 0.0 0.0 0.0 0.0 0.0 0.0 0.0 0.0 0.0 0.0 0.0 0.0 0.0 0.0 0.0 0.0 0.0 0.0 0.0 0.0 0.0 0.0 0.0 0.0 0.0 0.0 0.0 0.0 0.0 0.0 0.0 0.0 0.0 0.0 0.0 0.0 0.0 0.0 0.0 0.0 
0.0 1.677388784253393E-4 2.6209572883607976E-4 2.479079847678931E-4 2.49830241247382E-4 3.3060112017555054E-5 2.3348083696358055E-4 4.18670283464753E-6 1.1503781820591016E-4 1.823846935215612E-4 8.941624312510452E-5 0.0 0.0 0.0 0.0 9.954695617807397E-5 7.667632364451289E-6 4.914016671480008E-4 3.26021278815407E-5 1.5261958780630485E-4 1.3928325092132932E-4 3.8698324739479067E-4 4.1822385702039216E-4 4.739023726598388E-4 3.001538345128443E-4 3.382206792809763E-4 0.0 4.8627385426848956E-4 1.1728989009125074E-4 1.8583453351950642E-4 0.0 1.2405430861112536E-4 1.1648178417083857E-4 3.5870554204146023E-6 5.18904844055099E-6 0.0 0.0 0.0 0.0 0.0 0.0 0.0 0.0 0.0 0.0 0.0 0.0 0.0 0.0 0.0 0.0 0.0 0.0 0.0 0.0 0.0 0.0 0.0 0.0 0.0 0.0 0.0 0.0 0.0 
0.0 1.7509714768079149E-4 2.553616076023139E-4 1.8784500128057397E-4 2.1126197043923713E-4 0.0 8.447566372780517E-5 1.299413094108543E-4 2.1329037676415618E-4 1.1324242353727793E-4 1.665011850661518E-4 2.059018027456965E-4 0.0 0.0 0.0 3.951681859415622E-5 5.961826906791071E-5 6.882990493728313E-4 3.776352596940464E-4 3.854838208893985E-4 7.576437197609631E-4 6.497826874498781E-4 7.66211573946695E-4 0.0010390120155640615 0.0016292341715266054 0.0017361293538629306 0.002313178444891098 0.0023962144425365406 0.0017908930579632887 0.001810746206456299 0.0013919727273519484 0.0010012334804304196 9.926314305308528E-4 4.380385010143807E-4 4.6227039219788363E-4 2.4004712245654644E-4 2.0829377303912644E-4 1.8207399137571662E-4 1.5572960138670667E-4 1.1856033880995423E-4 6.177772268340989E-5 5.52806900278353E-5 1.0503000178454217E-5 2.841720800473211E-6 0.0 3.6940259493227296E-5 3.8018577858184655E-6 0.0 0.0 0.0 0.0 0.0 0.0 0.0 0.0 0.0 0.0 0.0 0.0 0.0 0.0 0.0 0.0 0.0 
0.0 7.03942722680356E-5 9.47350728424313E-5 5.6512613468513765E-5 1.0485908424653624E-4 1.6040656581715895E-4 0.0 4.883877499600764E-5 8.499899090625949E-5 2.773444403367632E-5 4.3738009816726954E-5 6.131902031335981E-5 0.0 2.4111403030754864E-4 4.803024689559663E-4 1.9683190449100308E-4 5.132206930460729E-4 9.9657500284497E-4 0.0011718816128386057 0.0018735417496254984 0.0023675151603725596 0.0031244587426906834 0.005199125143596459 0.006286399779083363 0.008558926685235373 0.010948821185231895 0.010941305047722965 0.013524919267537936 0.014128166848072454 0.015084696032178107 0.014330804653764453 0.013302500053618431 0.01255523268462084 0.011164390197258465 0.011994431698062021 0.009536552144795788 0.00747169064388076 0.00629350456633108 0.0054551541388393335 0.004462816884784078 0.003383748381199505 0.0028082755959179238 0.0017713932948341302 0.0013633880615013558 0.0010527742095303482 0.0010586375846847284 5.73174665731795E-4 4.111597257075881E-4 2.979750180399171E-4 1.604521882718602E-4 4.716062370413175E-5 1.048328062854743E-4 2.47537230156568E-5 4.2474858400091636E-5 0.0 1.0863558750565236E-6 4.8891142954201736E-5 0.0 0.0 0.0 0.0 0.0 0.0 0.0 
0.0 0.0 1.6910414952723052E-4 2.2783021443917404E-5 1.801211559949343E-4 3.054048025124595E-4 9.454114458775723E-5 0.0 8.652942268191239E-5 1.0401115560267262E-6 9.417829896967381E-5 0.0 1.733016557850377E-4 3.8094743475895385E-4 0.00112394932561269 0.0016901962689702965 0.0024783330716065533 0.004225085508336578 0.007860500037667601 0.011391952650266804 0.01757043624750347 0.02275286401862044 0.03175286281062487 0.040169147017982236 0.04904683607934005 0.057120790820985014 0.07072955697063645 0.0773858892613596 0.08665776713429839 0.09588146203133846 0.09897371046168954 0.09501541413447469 0.08542884879702978 0.0852067532954704 0.08244977150345481 0.08150398147473176 0.07521611010228517 0.0670322316094206 0.060099490724196174 0.05153646021755948 0.042870121754771846 0.035126520510500005 0.026119020394697358 0.020401777972294404 0.01588337972585393 0.013215511538507195 0.009698823789047779 0.007871625710827477 0.005874870773403606 0.0043869587601806604 0.0026520076274533255 0.0023511174818180896 0.0011989466404222246 7.644344026608178E-4 3.50113077858863E-4 2.145654341243514E-4 2.882584455939765E-4 3.959564355628584E-5 0.0 0.0 0.0 0.0 0.0 0.0 
0.0 7.08017163233101E-5 4.1208917013299404E-4 3.878518520309702E-4 1.0084718326793259E-4 3.1502187513741134E-4 4.0320738961641844E-4 2.4167832556562567E-4 4.555114180493838E-4 2.3383365307534746E-4 4.998022420764284E-4 0.0013226915888479116 0.001839560266987735 0.0041605927564281765 0.0077630583939939995 0.01330785222116128 0.021192936049844263 0.03170214488221198 0.046401037414309995 0.06052784320059962 0.08146797627515782 0.10188866131941968 0.13052150791584863 0.15659107219509688 0.18857425824679153 0.21709969211037825 0.2522005403061703 0.27199907400473977 0.30791165519204877 0.31980996741485673 0.3175072931611654 0.3274801585576415 0.30717473135729434 0.3136859619210858 0.30184893922677175 0.2908005528206687 0.2794543751830414 0.25193866865245707 0.23482502380199535 0.21945567524010337 0.18736658021403205 0.16603574668452736 0.1385994915227152 0.11221712752457419 0.0897078491530981 0.07654647446406662 0.060242246387200056 0.050007826839008784 0.03780598195056203 0.029679260330529655 0.01990580296772198 0.015258567327967173 0.009194339668009392 0.005745237897955031 0.003625051003175507 0.002082511507243673 0.0011944959747430782 5.037945797788662E-4 1.4255463501168907E-4 1.0994327081463778E-4 1.6063442613034852E-5 0.0 0.0 0.0 
0.0 1.455024427626089E-4 7.137782115004972E-4 3.802234406633221E-4 2.117780945902578E-4 4.2268407821723157E-4 5.567628559494914E-4 0.0011126858131113955 0.0016319185493230731 0.00347196042109983 0.005863365668654982 0.009786086921457802 0.014343095879693525 0.023257332416280762 0.03725805634083388 0.05387936768537843 0.07604577180074985 0.10238133700771043 0.13726898762397283 0.1728258397597054 0.22481774542268657 0.2838484384945446 0.34613509393674324 0.39575896048672743 0.4606551061295454 0.5216628779177518 0.6151681828689347 0.6315276763209499 0.7100369751770077 0.7368799090161376 0.7514886354941447 0.8043670425510995 0.7535373963220827 0.7413763863557767 0.7192553100995521 0.6878896124979805 0.6720013627529642 0.6181919002981825 0.5553322905405217 0.5262646555073154 0.45583956119030794 0.3963438900226041 0.36187553903379754 0.3064088248774078 0.2509035351538119 0.20556703239576266 0.16568788732344158 0.13554494740970802 0.10555755879292124 0.0815679981830448 0.05680458685958802 0.04263575335288969 0.02817189610306403 0.019035074635435804 0.012958150881550078 0.007311722988479853 0.003952696676244483 0.0019748769038828292 7.855588446355988E-4 4.039832365032606E-4 8.58199382231803E-5 0.0 0.0 0.0 
0.0 9.991916425555638E-5 4.1183500732755733E-4 3.0858831619993846E-4 3.799424179506408E-4 7.262836430572877E-4 9.457216355621875E-4 0.001768159376782622 0.0030075678311887667 0.006233906221280851 0.010205818942957004 0.015905120632537635 0.024688619896199523 0.03788887008413135 0.05654669322756839 0.07931620355890755 0.10952472233898233 0.14640357704920803 0.19418647465027436 0.2424098439458892 0.30766621049912546 0.4002605352727979 0.4915725429703971 0.5486270003461765 0.6333515606962252 0.7285035470732998 0.826447391655786 0.8331151475304124 0.9311286215920396 0.9813738726732505 0.9729008756979652 1.0 0.9953613291105737 0.9586975630515415 0.9599715392795142 0.9157882848826249 0.8892038781483599 0.8209027918730691 0.7382252286731358 0.6927312093442108 0.6250198940744893 0.5274904996951221 0.48391188993836576 0.41528700923534523 0.3513122973646781 0.28088288813990414 0.22639218953481913 0.18007197625942917 0.1452800786720619 0.11366370906124665 0.07945837125823695 0.058457169582549935 0.041154123169327074 0.027659879239806562 0.01950286405217473 0.01122553516237667 0.006292118949525716 0.0030629415377717807 0.0014663982227155685 5.184752544298555E-4 1.6954936834182147E-4 0.0 0.0 0.0 
0.0 7.265736184303564E-5 4.371770991061945E-4 4.736350550520834E-4 2.5327807139322397E-4 5.844102153375297E-4 6.182215473606233E-4 8.781720338213873E-4 0.0017190281163479003 0.003075241198613717 0.0048781252887102194 0.00805166967380682 0.013432929657363328 0.021745308996796817 0.03224999545928748 0.04764730454003178 0.06718072013542094 0.08917097569786875 0.11890884886169228 0.1472527801299239 0.13728414576232298 0.2540601771693544 0.3281757746557041 0.37481722629366077 0.4424516073092619 0.5259221574491522 0.5745602249669314 0.600499933843068 0.6611584004225924 0.7094812766437962 0.717171968103974 0.7277551882765754 0.7358465411367113 0.6892348645544597 0.6962572578563683 0.6777265317463486 0.6561563466068785 0.5903527197981234 0.5668327517066745 0.50306517753519 0.4453160732959841 0.38822149972048864 0.3358025616566808 0.28982584696903546 0.25103757819607847 0.2025247606987723 0.16695086836638653 0.12773872166618644 0.09833839090134078 0.07609865510044295 0.05261707000877702 0.03940923520993616 0.028108353402781783 0.018513366248831514 0.012959788031831667 0.007639852937502107 0.003987627481220355 0.001784498894604989 0.0010153769777888639 4.7438762626739823E-4 1.30506037487456E-4 0.0 0.0 0.0 
0.0 1.789282124527383E-4 1.7939954791917236E-4 3.9213476999994145E-4 1.4624914891896043E-4 2.4037384418947792E-4 2.3247772639139897E-4 2.4714635705517206E-4 5.855982214415169E-4 6.636567532863046E-4 8.801346320663493E-4 0.001363216253512202 0.002195323829089189 0.004220154113451655 0.006405436741677987 0.010219980156826864 0.016263192679686896 0.024005906353814686 0.03408144351765674 0.04505790850147608 0.05174571950511562 0.08270235228571052 0.11387196532249746 0.13561939259292152 0.1697405899361087 0.19960051770215143 0.22799197583101777 0.25666986220605004 0.2655505246755989 0.2899743978359814 0.28341069078015124 0.288693488054104 0.2932083905528089 0.28066794386445154 0.24950692866926674 0.24957406204832622 0.24442917520207327 0.21246376837891837 0.2080479017183359 0.18418536902720134 0.15464816571420992 0.13038668189396574 0.11511882680526658 0.09827679459927084 0.08139953360776193 0.06474696154332021 0.05305831162068076 0.0420039890654843 0.031771457186633045 0.024072055467574738 0.01589023892227587 0.011916145415832939 0.008579352006568631 0.0061874261733663866 0.003970149455876532 0.0021413901187970798 0.0011761488542488168 2.945342740732667E-4 6.904940016953512E-5 1.0069633739788827E-4 0.0 0.0 0.0 0.0 
0.0 7.850212559612222E-5 1.0751338350791202E-4 3.583082279363291E-4 7.145076747099564E-5 1.705379913948346E-4 2.075333312235436E-4 1.5115361668367115E-4 1.0241033587338349E-4 2.5805342831662826E-4 1.4751813339774025E-4 7.727830824379343E-5 3.314570976361044E-5 4.661678819447314E-4 4.6276652068185113E-4 8.591991584188833E-4 0.0014159583867450925 0.0029252230348018587 0.004380920509123517 0.006768604718705273 0.009596484344467257 0.013758068208248608 0.021544157884916496 0.026947281938117122 0.03633697617598953 0.046188382524100145 0.05357914565369623 0.06601251177912759 0.0694382764011297 0.07497858046656392 0.0777051662946342 0.07364500545982444 0.06941482274193106 0.06747719031950614 0.06256008427617489 0.05814285530900336 0.05140294723559311 0.04243276647350776 0.0358707453098073 0.028783510331887186 0.022125379068097945 0.017762878363270316 0.012983465452245236 0.01046655478726469 0.007146885691829248 0.005921419829620253 0.003729016470355731 0.0033796420622932474 0.0028383716468474785 0.0023342730668439705 0.0011862826575843484 0.0013174221779818575 8.615935550885603E-4 5.621777818418197E-4 6.492337254673768E-5 3.9262727059639105E-4 5.130211371649552E-5 0.0 0.0 0.0 0.0 0.0 0.0 0.0 
0.0 0.0 3.631367125055568E-4 1.2193238891912704E-4 1.5619528170889938E-4 3.139889932942914E-4 1.0050902203029111E-4 4.09039687842778E-5 1.6294062320621795E-4 2.260530737930692E-4 2.8920940725621266E-5 2.221333230620509E-4 3.7231453757436664E-5 7.239916953331231E-5 3.062255723439402E-5 4.647300124383293E-5 1.8793145280246256E-5 2.1403864271939097E-4 2.1419388356169736E-4 5.368534040352E-4 7.31212038389E-4 0.0011683411557778553 0.002196538815037566 0.0031428374156251384 0.004088967848210446 0.006220358430181587 0.007369406809956695 0.008526128673797725 0.008935748179827934 0.009085464636738521 0.010770560988426917 0.009789177913999067 0.008594064279812007 0.008144627280854999 0.0072905282915388964 0.0055934067140188115 0.00463847959586215 0.003389272086024932 0.0031971007929285896 0.0019330501546614585 0.0011388879285969115 9.899186156793114E-4 1.5744028114155005E-4 0.0 1.2392504044340873E-4 7.543434434849999E-5 0.0 0.0 0.0 0.0 0.0 0.0 0.0 0.0 0.0 0.0 6.416243360016382E-5 0.0 0.0 0.0 0.0 0.0 0.0 0.0 
0.0 0.0 4.189245457870872E-4 2.1691713414151708E-4 1.8240436260027633E-4 2.0591184607482516E-4 1.4099459934717104E-5 0.0 4.0075600542167005E-4 2.8933754406631216E-4 0.0 6.267762854038258E-5 1.5475044028442967E-5 0.0 0.0 0.0 0.0 1.5621410582257092E-5 2.880614782342736E-6 2.3988974541153974E-5 2.0002698195057815E-5 4.249898292449722E-5 9.367083246385893E-5 1.529727284766829E-4 1.749706718860071E-4 5.865245875796164E-4 3.618508308511227E-4 4.1663493503245547E-4 5.453379865400472E-4 3.748601850634573E-4 2.048394503763114E-4 9.95391433720828E-5 1.9227622005904617E-4 0.0 0.0 0.0 1.4278189143528545E-4 8.344514816593164E-5 0.0 0.0 0.0 0.0 0.0 0.0 1.8889698740923413E-5 0.0 0.0 0.0 0.0 0.0 0.0 0.0 0.0 0.0 0.0 0.0 0.0 0.0 0.0 0.0 0.0 0.0 0.0 0.0 
0.0 3.123530503579486E-4 2.857341093293969E-4 2.679508898593575E-4 5.272223655345375E-5 2.0468158597618808E-4 2.1895743462801038E-4 2.1723195183214374E-5 5.067621407630553E-4 1.5982780533715623E-4 1.2440350093429552E-4 3.6447243754299065E-5 1.732241263577907E-6 6.7664369634219025E-6 2.530564731929167E-5 0.0 0.0 0.0 0.0 0.0 0.0 0.0 0.0 0.0 0.0 2.458570628323889E-5 2.9745523638201896E-6 5.837544201487985E-6 1.1852985112064484E-5 4.83521099640151E-6 0.0 0.0 0.0 0.0 0.0 0.0 0.0 0.0 0.0 0.0 0.0 0.0 0.0 0.0 1.301067480840044E-4 0.0 0.0 0.0 0.0 0.0 0.0 0.0 0.0 0.0 0.0 0.0 0.0 0.0 0.0 0.0 0.0 0.0 0.0 0.0 
0.0 2.5517649803587217E-4 1.5424189224793935E-4 1.4672349465159936E-4 2.7052946408992327E-4 1.8797197132257702E-4 1.362274899672286E-4 8.16471872230296E-6 4.2318041301815597E-4 3.259070028465029E-4 2.3568758670284692E-4 1.180279973705362E-5 0.0 5.420280109374733E-6 1.7886133873701776E-4 0.0 0.0 0.0 0.0 0.0 0.0 0.0 0.0 0.0 0.0 0.0 0.0 0.0 0.0 0.0 0.0 0.0 0.0 0.0 0.0 0.0 0.0 0.0 0.0 0.0 0.0 0.0 0.0 0.0 6.070540584419904E-5 0.0 0.0 0.0 3.691788400959515E-5 0.0 0.0 0.0 0.0 0.0 0.0 0.0 0.0 0.0 0.0 0.0 0.0 0.0 0.0 0.0 
0.0 3.376458696623914E-4 2.0697621602809078E-4 3.192877920670967E-5 1.689510219162551E-4 2.8061398987718703E-4 2.021314685715744E-4 3.1659607406859695E-4 5.119411964767304E-4 2.974377118478351E-4 6.212964546373566E-5 1.3870080137985318E-5 0.0 5.937461294271547E-5 1.2338347687502704E-4 0.0 0.0 0.0 0.0 0.0 0.0 0.0 0.0 0.0 0.0 0.0 0.0 0.0 0.0 0.0 0.0 0.0 0.0 0.0 0.0 0.0 0.0 0.0 0.0 0.0 0.0 0.0 0.0 0.0 1.85427195003551E-4 0.0 0.0 0.0 1.7424189694498755E-4 0.0 0.0 0.0 0.0 0.0 0.0 0.0 0.0 0.0 0.0 0.0 0.0 0.0 0.0 0.0 
0.0 3.6570298679982445E-4 3.0240547805733195E-4 0.0 1.1327520438688017E-4 1.0293385254991628E-4 1.0640895507568266E-4 2.3123273011457847E-4 3.376802749559848E-4 1.6070829273141844E-4 2.726380489208991E-4 4.046482294044858E-6 7.853701390328875E-5 3.3169374023663087E-4 2.599773995369686E-5 0.0 0.0 0.0 0.0 0.0 0.0 0.0 0.0 0.0 0.0 0.0 0.0 0.0 0.0 0.0 0.0 0.0 0.0 0.0 0.0 0.0 0.0 0.0 0.0 0.0 0.0 0.0 0.0 0.0 0.0 0.0 0.0 0.0 0.0 0.0 0.0 0.0 0.0 0.0 0.0 0.0 0.0 0.0 0.0 0.0 0.0 0.0 0.0 0.0 
0.0 2.7122603208597185E-4 4.2471270555484E-4 1.3087364487184238E-5 4.0279049374457144E-5 3.263643972535885E-4 2.520506306081892E-4 1.027840369034422E-4 3.94785854710455E-4 1.204025881558087E-4 2.875709471288788E-4 1.1864782060160056E-4 3.5120676294859824E-5 8.289761065077496E-5 1.444910564578156E-4 0.0 0.0 0.0 0.0 0.0 0.0 0.0 0.0 0.0 0.0 0.0 0.0 0.0 0.0 0.0 0.0 0.0 0.0 0.0 0.0 0.0 0.0 0.0 0.0 0.0 0.0 0.0 0.0 0.0 0.0 0.0 0.0 0.0 0.0 0.0 0.0 0.0 0.0 0.0 0.0 0.0 0.0 0.0 0.0 0.0 0.0 0.0 0.0 0.0 
0.0 2.9734959979985597E-4 2.6587682127903936E-4 1.4986240538464107E-4 2.763378139371649E-4 2.2286601015756246E-4 1.7847815962137334E-4 2.2776144876738255E-5 2.025280891385677E-4 7.067500247006793E-5 3.1814346379953855E-4 2.2194724567097324E-4 2.6159314291483905E-4 4.178803441412101E-5 3.50101010001122E-5 0.0 0.0 0.0 0.0 0.0 0.0 0.0 0.0 0.0 0.0 0.0 0.0 0.0 0.0 0.0 0.0 0.0 0.0 0.0 0.0 0.0 0.0 0.0 0.0 0.0 0.0 0.0 0.0 0.0 0.0 0.0 0.0 0.0 0.0 0.0 0.0 0.0 0.0 0.0 0.0 0.0 0.0 0.0 0.0 0.0 0.0 0.0 0.0 0.0 
0.0 2.508448410200183E-4 1.8067963575995992E-4 2.6168587819064667E-4 1.2182011921172505E-4 1.0725231355455295E-4 3.325623590430556E-5 6.341351192030959E-6 2.9032933805766913E-4 1.3732609857700818E-5 1.1971592317182104E-4 1.095701106384495E-4 7.212810034612061E-5 1.0949014793510051E-5 0.0 0.0 0.0 0.0 0.0 0.0 0.0 0.0 0.0 0.0 0.0 0.0 0.0 0.0 0.0 0.0 0.0 0.0 0.0 0.0 0.0 0.0 0.0 0.0 0.0 0.0 0.0 0.0 0.0 0.0 0.0 0.0 0.0 0.0 0.0 0.0 0.0 0.0 0.0 0.0 0.0 0.0 0.0 0.0 0.0 0.0 0.0 0.0 0.0 0.0 
0.0 4.013131051539223E-4 1.0987525248715872E-4 9.044983974171189E-5 0.0 5.993715567857759E-5 2.3713455676057393E-4 3.3304136230172563E-4 1.1689503259096892E-4 5.1154928840343214E-5 1.5752923565131167E-4 1.608021646666823E-5 0.0 0.0 0.0 0.0 0.0 0.0 0.0 0.0 0.0 0.0 0.0 0.0 0.0 0.0 0.0 0.0 0.0 0.0 0.0 0.0 0.0 0.0 0.0 0.0 0.0 0.0 0.0 0.0 0.0 0.0 0.0 0.0 0.0 0.0 0.0 0.0 0.0 0.0 0.0 0.0 0.0 0.0 0.0 0.0 0.0 0.0 0.0 0.0 0.0 0.0 0.0 0.0 
0.0 4.0743523874280633E-4 2.3499520908954768E-5 1.561050840382323E-4 1.2850006008991517E-4 1.7388723350450293E-4 3.3279174913805143E-4 2.8422585278843816E-4 8.7492836796273E-6 2.421505066024318E-4 2.355142047179612E-4 0.0 0.0 0.0 0.0 0.0 0.0 0.0 0.0 0.0 0.0 0.0 0.0 0.0 0.0 0.0 0.0 0.0 0.0 0.0 0.0 0.0 0.0 0.0 0.0 0.0 0.0 0.0 0.0 0.0 0.0 0.0 0.0 0.0 0.0 0.0 0.0 0.0 0.0 0.0 0.0 0.0 0.0 0.0 0.0 0.0 0.0 0.0 0.0 0.0 0.0 0.0 0.0 0.0 
0.0 3.5286990909192843E-4 1.2976221624142538E-4 1.0681853804234072E-4 5.664766763489979E-5 1.3379822932615938E-4 2.540668230760749E-4 6.755969313965881E-5 2.8466924556922775E-4 7.552312329138691E-5 1.1976176596910999E-4 0.0 0.0 2.534701141817315E-4 2.5891803576260444E-5 1.7822370180253834E-4 0.0 1.7916470497804904E-5 0.0 0.0 0.0 0.0 0.0 0.0 0.0 0.0 0.0 0.0 0.0 0.0 0.0 0.0 0.0 0.0 0.0 0.0 0.0 0.0 0.0 0.0 0.0 0.0 0.0 0.0 0.0 0.0 0.0 0.0 0.0 0.0 0.0 0.0 0.0 0.0 0.0 0.0 0.0 0.0 0.0 0.0 0.0 0.0 0.0 0.0 
0.0 1.3845518005222256E-4 8.917308042306706E-5 9.929014102151476E-5 2.490329997385531E-4 1.7046572849049695E-4 1.644979374378024E-4 1.3468269783248847E-4 2.665524105962837E-4 3.599928186590672E-4 2.3818178414748622E-4 0.0 0.0 3.608586411211467E-4 1.7042546639134854E-5 2.4326424412497453E-4 0.0 3.51232441855414E-6 3.0043539364071283E-5 0.0 0.0 0.0 0.0 0.0 0.0 0.0 0.0 0.0 0.0 0.0 0.0 0.0 0.0 0.0 0.0 0.0 0.0 0.0 0.0 0.0 0.0 0.0 0.0 0.0 0.0 0.0 0.0 0.0 0.0 0.0 0.0 0.0 0.0 0.0 0.0 0.0 0.0 0.0 0.0 0.0 0.0 0.0 0.0 0.0 
0.0 1.028297957352259E-4 2.208533273445749E-4 3.865593108949341E-5 2.4168560784264013E-4 4.0959292159324135E-4 3.1297017757907333E-4 1.149767364539744E-4 2.14839876259818E-4 2.116498431393698E-4 6.93932698840065E-5 0.0 0.0 1.9518207400871917E-4 2.0435092550270077E-5 4.622224442459931E-5 0.0 1.2109488071792259E-4 5.426138804706762E-6 0.0 0.0 0.0 0.0 0.0 0.0 0.0 0.0 0.0 0.0 0.0 0.0 0.0 0.0 0.0 0.0 0.0 0.0 0.0 0.0 0.0 0.0 0.0 0.0 0.0 0.0 0.0 0.0 0.0 0.0 0.0 0.0 0.0 0.0 0.0 0.0 3.4435869319692706E-5 3.568902620655684E-5 6.112806820315323E-6 0.0 0.0 0.0 0.0 0.0 1.867111154535758E-5 
0.0 3.231406282381112E-4 1.83625152142247E-4 3.232285638698643E-5 2.9637651797093627E-4 2.1899096975225388E-4 1.0825521895985066E-4 2.458352138683703E-5 2.2742795618881545E-4 2.652678289542988E-4 5.831910403876035E-5 0.0 0.0 3.09262807398862E-5 3.450657872507879E-4 0.0 0.0 2.373930214433529E-5 7.634647069070232E-5 3.0583365333057834E-5 0.0 0.0 0.0 0.0 0.0 0.0 0.0 0.0 0.0 0.0 0.0 0.0 0.0 0.0 0.0 0.0 0.0 0.0 0.0 0.0 0.0 0.0 0.0 0.0 0.0 0.0 0.0 0.0 0.0 0.0 0.0 0.0 0.0 0.0 4.93420899343753E-7 1.2649589225469872E-4 1.4745122952780005E-4 1.626384204911578E-5 0.0 0.0 0.0 0.0 0.0 3.6448083198153927E-5 
0.0 2.1867187909294124E-4 2.1527179713260334E-4 1.4994100595378065E-5 3.4692226281032824E-4 4.5218610338156764E-5 1.8982644309271896E-4 1.625090999836089E-4 3.9407656077101603E-4 1.0950080895591515E-4 5.0770973337931037E-5 0.0 0.0 0.0 4.34809083372738E-4 0.0 0.0 0.0 1.3788872948592853E-5 1.4700128055500787E-4 6.128811953301653E-5 0.0 0.0 0.0 0.0 0.0 0.0 0.0 0.0 0.0 0.0 0.0 0.0 0.0 0.0 0.0 0.0 0.0 0.0 0.0 0.0 0.0 0.0 0.0 0.0 0.0 0.0 0.0 0.0 0.0 0.0 0.0 0.0 0.0 1.559107827714097E-6 7.123749947104584E-5 1.3236649940330888E-4 0.0 0.0 0.0 0.0 0.0 0.0 0.0 
0.0 2.804447685039595E-4 1.281037912682339E-4 1.944511101386595E-4 2.917172198110784E-4 1.511238759102222E-4 2.6419451291839416E-4 7.243027881150158E-5 1.2940318460852914E-4 1.392873261507092E-4 3.1274818779224995E-5 0.0 0.0 0.0 1.438320025894195E-4 0.0 0.0 0.0 0.0 5.117065208307335E-5 9.249240276832831E-6 0.0 0.0 0.0 0.0 0.0 0.0 0.0 0.0 0.0 0.0 0.0 0.0 0.0 0.0 0.0 0.0 0.0 0.0 0.0 0.0 0.0 0.0 0.0 0.0 0.0 0.0 0.0 0.0 0.0 0.0 0.0 0.0 0.0 0.0 0.0 0.0 0.0 0.0 0.0 0.0 0.0 0.0 0.0 
0.0 1.5414864727907545E-4 1.0550974176146315E-4 1.9853668483004215E-4 8.158923019041182E-5 2.0923506623623232E-4 7.495018132168349E-5 6.879481087582232E-5 1.868306056812706E-4 1.0680472702704358E-4 1.133943231285766E-4 0.0 0.0 0.0 1.4151064493436677E-5 0.0 0.0 0.0 0.0 4.581341964446418E-6 0.0 0.0 0.0 0.0 0.0 0.0 0.0 0.0 0.0 0.0 0.0 0.0 0.0 0.0 0.0 0.0 0.0 0.0 0.0 0.0 0.0 0.0 0.0 0.0 0.0 0.0 0.0 0.0 0.0 0.0 0.0 0.0 0.0 0.0 0.0 0.0 0.0 0.0 0.0 0.0 0.0 0.0 0.0 0.0 
0.0 1.5774953631759177E-5 1.8446999697170483E-4 5.02544000180333E-5 6.536527811261231E-5 1.1361187074163737E-4 0.0 1.1996527125050455E-4 1.866968897724257E-4 2.1318087871522265E-5 3.377851154078972E-5 0.0 0.0 0.0 0.0 0.0 0.0 1.0404610257391822E-4 0.0 0.0 0.0 0.0 0.0 0.0 0.0 0.0 0.0 0.0 0.0 0.0 0.0 0.0 0.0 0.0 0.0 0.0 0.0 0.0 0.0 0.0 0.0 0.0 0.0 0.0 0.0 0.0 0.0 0.0 0.0 1.7690560816532E-6 9.118386732077035E-6 0.0 0.0 0.0 0.0 0.0 0.0 0.0 3.9895296986715477E-5 3.809906195703067E-5 7.11802080180186E-6 0.0 0.0 0.0 
0.0 1.1126073480667735E-4 1.3068717573499152E-4 0.0 4.6152079921762414E-4 2.1522182015122953E-5 3.044141025536822E-4 1.7650668822680909E-4 3.372239112556894E-4 1.0757688893652204E-4 0.0 0.0 8.215073091161906E-5 1.4421477038274895E-4 0.0 0.0 9.043110732379296E-5 7.268791660843454E-5 0.0 0.0 0.0 0.0 0.0 0.0 0.0 0.0 0.0 0.0 0.0 0.0 0.0 0.0 0.0 0.0 0.0 0.0 0.0 0.0 0.0 0.0 0.0 0.0 0.0 0.0 0.0 0.0 0.0 0.0 0.0 3.663356523722282E-5 3.958537550982103E-5 0.0 0.0 0.0 0.0 0.0 0.0 4.165448544628328E-5 1.1800934882341914E-4 1.4629775870620722E-4 9.902837420111308E-5 0.0 0.0 0.0 
0.0 1.3618198927910934E-4 2.1955544285989683E-4 2.5202244544186327E-4 3.353095718959428E-4 2.705969597311078E-4 2.4290199525529822E-4 2.464020588661889E-4 3.4484209346283273E-4 3.6112566034366536E-5 5.592156331722777E-5 0.0 9.294990840161357E-5 1.3877651905314366E-4 1.6686406417924755E-4 0.0 1.557865864826345E-4 1.025103606847709E-5 0.0 0.0 0.0 0.0 0.0 0.0 6.9175596402771E-5 0.0 0.0 0.0 0.0 0.0 0.0 0.0 0.0 0.0 0.0 0.0 0.0 0.0 0.0 0.0 0.0 0.0 0.0 0.0 0.0 0.0 0.0 0.0 0.0 1.2658565096543344E-4 9.573916703656226E-6 0.0 0.0 0.0 0.0 0.0 0.0 1.1082666144201775E-4 4.4047023457493205E-5 1.3204529094767474E-4 2.7267002381678896E-4 0.0 0.0 0.0 
0.0 1.7204106300668686E-4 3.901394117935196E-4 4.0537558579514565E-4 2.7157335453071625E-4 1.1324603253797944E-4 1.8752853151260122E-4 1.9273380400107207E-4 8.543585915438034E-5 1.5152577070045545E-4 8.399021673124547E-5 4.746569540562101E-6 1.9569380378236452E-5 1.7978064190796037E-4 3.095141431033042E-4 0.0 2.8947996350335507E-5 6.813562925672547E-5 0.0 3.023075631523368E-5 0.0 0.0 0.0 0.0 6.626376559153304E-6 0.0 0.0 0.0 0.0 0.0 0.0 0.0 0.0 0.0 0.0 0.0 0.0 0.0 0.0 0.0 0.0 0.0 0.0 0.0 0.0 0.0 0.0 0.0 0.0 0.0 0.0 0.0 0.0 0.0 0.0 0.0 0.0 0.0 0.0 5.10237639174881E-5 2.1304253784400957E-4 0.0 0.0 0.0 
0.0 8.742368259884425E-5 3.4955658874715693E-4 1.3732035223858177E-4 2.2949811028029964E-4 6.722765322140183E-6 9.997506800450934E-5 7.760175542069607E-5 0.0 5.0865798912974115E-5 9.156695926847848E-5 1.4135621456213094E-6 0.0 2.6672495137953015E-4 1.233002590865775E-4 0.0 1.3336365833602147E-4 1.3357230959148393E-5 6.935128771637929E-5 5.005382623419203E-6 0.0 0.0 0.0 0.0 0.0 0.0 0.0 0.0 0.0 0.0 0.0 0.0 0.0 0.0 0.0 0.0 0.0 0.0 0.0 0.0 0.0 0.0 0.0 0.0 0.0 0.0 0.0 0.0 0.0 0.0 0.0 0.0 0.0 0.0 0.0 0.0 0.0 0.0 0.0 1.8362674644420443E-4 8.422110826451787E-5 0.0 0.0 0.0 
0.0 2.929557451415093E-4 1.522272716860363E-4 1.4797933680836379E-5 1.0209195156878257E-4 2.8135072218579873E-6 2.102015699441083E-4 6.764004025931007E-5 2.2006556907448578E-4 1.1078225012934607E-4 2.2339119257308165E-5 0.0 0.0 5.935990221208094E-5 1.0971637826401884E-4 1.0958380408028647E-4 2.8256717562590525E-5 0.0 1.2525478735180365E-5 0.0 0.0 0.0 0.0 0.0 0.0 0.0 0.0 0.0 0.0 0.0 0.0 0.0 0.0 0.0 0.0 0.0 0.0 0.0 0.0 0.0 0.0 0.0 0.0 0.0 0.0 0.0 0.0 0.0 0.0 0.0 0.0 0.0 0.0 0.0 0.0 0.0 0.0 0.0 0.0 1.474475609299883E-4 8.29963382573398E-5 0.0 0.0 0.0 
0.0 4.0357279075699747E-4 1.2865781479956832E-4 1.5424788320591028E-4 1.4219471274448043E-4 0.0 9.641731824933422E-5 1.7862494535558668E-4 2.4576532744141E-4 1.8932769457216428E-4 0.0 0.0 0.0 0.0 2.3415343376992098E-5 2.5000518069464154E-5 0.0 0.0 0.0 0.0 0.0 0.0 0.0 0.0 0.0 0.0 0.0 0.0 0.0 0.0 0.0 0.0 0.0 0.0 0.0 0.0 0.0 0.0 0.0 0.0 0.0 0.0 0.0 0.0 0.0 0.0 0.0 0.0 0.0 0.0 0.0 0.0 0.0 0.0 0.0 2.5338559480869775E-5 0.0 0.0 0.0 0.0 0.0 0.0 0.0 0.0 
0.0 4.2619339089252354E-4 2.9527348193700883E-4 2.1083919793001663E-4 2.4433878874435827E-4 1.9724792141408745E-5 2.7181745471623335E-4 5.9307509157003566E-5 1.8857126042029227E-4 5.107169407611061E-5 1.9554382347458212E-4 0.0 0.0 0.0 1.5288102816346885E-4 0.0 0.0 0.0 0.0 0.0 0.0 0.0 0.0 0.0 0.0 0.0 0.0 0.0 0.0 0.0 0.0 0.0 0.0 0.0 0.0 0.0 0.0 0.0 0.0 0.0 0.0 0.0 0.0 0.0 0.0 0.0 0.0 0.0 0.0 0.0 0.0 0.0 0.0 0.0 0.0 7.653638150174397E-5 2.261815035919838E-5 0.0 0.0 0.0 0.0 0.0 0.0 0.0 
0.0 3.945926416890919E-4 2.2454857201803036E-4 6.890433850551136E-5 1.6916215677063962E-4 8.254913340011424E-6 1.9619398794675373E-4 9.309539339923875E-5 2.735170139247617E-4 7.093544863976635E-5 3.2063453666820167E-4 1.3209102697518753E-4 0.0 0.0 3.7432387119421104E-5 0.0 0.0 0.0 0.0 7.075839289215581E-5 0.0 0.0 0.0 0.0 0.0 0.0 0.0 0.0 0.0 0.0 0.0 0.0 0.0 0.0 0.0 0.0 0.0 0.0 0.0 0.0 0.0 0.0 0.0 0.0 0.0 0.0 0.0 0.0 0.0 0.0 0.0 0.0 0.0 0.0 0.0 4.161835661997695E-5 6.362810135275107E-5 0.0 0.0 0.0 0.0 0.0 0.0 0.0 
0.0 1.2508177109881287E-4 5.1234139884695696E-5 7.872903428502207E-5 5.8632337146767715E-5 2.717954693141314E-4 3.630423709949897E-5 3.7707790782113394E-4 4.520795155697985E-4 3.0129358354936226E-4 8.188812862733566E-5 9.199023315538416E-5 0.0 0.0 0.0 0.0 0.0 0.0 0.0 1.1715645700368837E-5 0.0 0.0 0.0 0.0 0.0 0.0 0.0 0.0 0.0 0.0 0.0 0.0 0.0 0.0 0.0 0.0 0.0 0.0 0.0 0.0 0.0 0.0 0.0 0.0 0.0 0.0 0.0 0.0 0.0 0.0 0.0 0.0 0.0 0.0 0.0 1.1462034029766763E-4 0.0 0.0 0.0 0.0 0.0 0.0 0.0 0.0 
