64 64
37.2754659597232 -0.28632647632570835 452.681669802977
0.0 0.0 0.0 0.0 0.0 0.0 0.0 0.0 0.0 0.0 0.0 0.0 0.0 0.0 0.0 0.0 0.0 0.0 0.0 0.0 0.0 0.0 0.0 0.0 0.0 0.0 0.0 0.0 0.0 0.0 0.0 0.0 0.0 0.0 0.0 0.0 0.0 0.0 0.0 0.0 0.0 0.0 0.0 0.0 0.0 0.0 0.0 0.0 0.0 0.0 0.0 0.0 0.0 0.0 0.0 0.0 0.0 0.0 0.0 0.0 0.0 0.0 0.0 0.0 
0.0 0.0 0.0 0.0 0.0 0.0 0.0 0.0 0.0 0.0 0.0 0.0 0.0 0.0 0.0 0.0 0.0 0.0 0.0 0.0 0.0 0.0 0.0 0.0 0.0 0.0 0.0 0.0 0.0 0.0 0.0 0.0 0.0 0.0 0.0 0.0 0.0 0.0 0.0 0.0 0.0 0.0 0.0 0.0 0.0 0.0 0.0 0.0 0.0 0.0 0.0 0.0 0.0 0.0 0.0 0.0 0.0 0.0 0.0 0.0 0.0 0.0 0.0 0.0 
0.0 0.0 0.0 0.0 0.0 0.0 0.0 0.0 0.0 0.0 0.0 0.0 0.0 0.0 0.0 0.0 0.0 0.0 0.0 0.0 0.0 0.0 0.0 0.0 0.0 0.0 0.0 0.0 0.0 0.0 0.0 0.0 0.0 0.0 0.0 0.0 0.0 0.0 0.0 0.0 0.0 0.0 0.0 0.0 0.0 0.0 0.0 0.0 0.0 0.0 0.0 0.0 0.0 0.0 0.0 0.0 0.0 0.0 0.0 0.0 0.0 0.0 0.0 0.0 
0.0 0.0 0.0 0.0 0.0 0.0 0.0 0.0 0.0 0.0 0.0 0.0 0.0 0.0 0.0 0.0 0.0 0.0 0.0 0.0 0.0 0.0 0.0 0.0 0.0 0.0 0.0 0.0 0.0 0.0 0.0 0.0 0.0 0.0 0.0 0.0 0.0 0.0 0.0 0.0 0.0 0.0 0.0 0.0 0.0 0.0 0.0 0.0 0.0 0.0 0.0 0.0 0.0 0.0 0.0 0.0 0.0 0.0 0.0 0.0 0.0 0.0 0.0 0.0 
0.0 0.0 0.0 0.0 0.0 0.0 0.0 0.0 0.0 0.0 0.0 0.0 0.0 0.0 0.0 0.0 0.0 0.0 0.0 0.0 0.0 0.0 0.0 0.0 0.0 0.0 0.0 0.0 0.0 0.0 0.0 0.0 0.0 0.0 0.0 0.0 0.0 0.0 0.0 0.0 0.0 0.0 0.0 0.0 0.0 0.0 0.0 0.0 0.0 0.0 0.0 0.0 0.0 0.0 0.0 0.0 0.0 0.0 0.0 0.0 0.0 0.0 0.0 0.0 
0.0 0.0 0.0 0.0 0.0 0.0 0.0 0.0 0.0 0.0 0.0 0.0 0.0 0.0 0.0 0.0 0.0 0.0 0.0 0.0 0.0 0.0 0.0 0.0 0.0 0.0 0.0 0.0 0.0 0.0 0.0 0.0 0.0 0.0 0.0 0.0 0.0 0.0 0.0 0.0 0.0 0.0 0.0 0.0 0.0 0.0 0.0 0.0 0.0 0.0 0.0 0.0 0.0 0.0 0.0 0.0 0.0 0.0 0.0 0.0 0.0 0.0 0.0 0.0 
0.0 0.0 0.0 0.0 0.0 0.0 0.0 0.0 0.0 0.0 0.0 0.0 0.0 0.0 0.0 0.0 0.0 0.0 0.0 0.0 0.0 0.0 0.0 0.0 0.0 0.0 0.0 0.0 0.0 0.0 0.0 0.0 0.0 0.0 0.0 0.0 0.0 0.0 0.0 0.0 0.0 0.0 0.0 0.0 0.0 0.0 0.0 0.0 0.0 0.0 0.0 0.0 0.0 0.0 0.0 0.0 0.0 0.0 0.0 0.0 0.0 0.0 0.0 0.0 
0.0 0.0 0.0 0.0 0.0 0.0 0.0 0.0 0.0 0.0 0.0 0.0 0.0 0.0 0.0 0.0 0.0 0.0 0.0 0.0 0.0 0.0 0.0 0.0 0.0 0.0 0.0 0.0 0.0 0.0 0.0 0.0 0.0 0.0 0.0 0.0 0.0 0.0 0.0 0.0 0.0 0.0 0.0 0.0 0.0 0.0 0.0 0.0 0.0 0.0 0.0 0.0 0.0 0.0 0.0 0.0 0.0 0.0 0.0 0.0 0.0 0.0 0.0 0.0 
0.0 0.0 0.0 0.0 0.0 0.0 0.0 0.0 0.0 0.0 0.0 0.0 0.0 0.0 0.0 0.0 0.0 0.0 0.0 0.0 0.0 0.0 0.0 0.0 0.0 0.0 0.0 0.0 0.0 0.0 0.0 0.0 0.0 0.0 0.0 0.0 0.0 0.0 0.0 0.0 0.0 0.0 0.0 0.0 0.0 0.0 0.0 0.0 0.0 0.0 0.0 0.0 0.0 4.9473656090465104E-5 0.0 0.0 0.0 0.0 0.0 0.0 0.0 0.0 0.0 0.0 
0.0 0.0 0.0 0.0 0.0 0.0 0.0 0.0 0.0 0.0 0.0 0.0 0.0 0.0 0.0 0.0 0.0 0.0 0.0 0.0 0.0 0.0 0.0 0.0 0.0 0.0 0.0 0.0 0.0 0.0 0.0 0.0 0.0 0.0 0.0 0.0 0.0 0.0 0.0 0.0 0.0 0.0 0.0 0.0 0.0 0.0 0.0 0.0 0.0 0.0 0.0 0.0 1.8503076828087416E-5 2.2673918324707582E-4 0.0 0.0 0.0 0.0 0.0 0.0 0.0 0.0 0.0 0.0 
0.0 0.0 0.0 0.0 0.0 0.0 0.0 0.0 0.0 0.0 0.0 0.0 0.0 0.0 0.0 0.0 0.0 0.0 0.0 0.0 0.0 0.0 0.0 0.0 0.0 0.0 0.0 0.0 0.0 0.0 0.0 0.0 0.0 0.0 0.0 0.0 0.0 0.0 0.0 0.0 0.0 0.0 0.0 0.0 0.0 0.0 0.0 0.0 5.650092516400853E-5 4.9573457082403774E-5 0.0 7.054035995572264E-5 1.4371397809613181E-5 1.4846766442063272E-4 0.0 0.0 0.0 0.0 0.0 0.0 0.0 0.0 0.0 0.0 
0.0 0.0 0.0 0.0 0.0 0.0 0.0 0.0 0.0 0.0 0.0 0.0 0.0 0.0 0.0 0.0 0.0 0.0 0.0 0.0 0.0 0.0 0.0 0.0 0.0 0.0 0.0 0.0 0.0 0.0 0.0 0.0 0.0 0.0 0.0 0.0 0.0 0.0 0.0 0.0 0.0 0.0 0.0 0.0 0.0 0.0 0.0 0.0 2.093705079088831E-4 2.9880506161714414E-4 6.0437912629587933E-5 8.249548246958448E-5 0.0 2.0718623013032084E-5 0.0 0.0 0.0 0.0 0.0 0.0 0.0 0.0 0.0 0.0 
0.0 0.0 0.0 0.0 0.0 0.0 0.0 0.0 0.0 0.0 0.0 0.0 0.0 0.0 0.0 0.0 0.0 0.0 0.0 0.0 0.0 0.0 0.0 0.0 0.0 0.0 0.0 0.0 0.0 0.0 0.0 0.0 0.0 0.0 0.0 0.0 0.0 0.0 0.0 0.0 0.0 0.0 0.0 0.0 0.0 0.0 0.0 5.0540505448946695E-5 1.4834655176647216E-4 5.294973359334141E-4 8.822028454989704E-5 2.24810967935119E-4 4.132461960018432E-4 8.084815331656266E-5 0.0 0.0 0.0 0.0 0.0 0.0 0.0 0.0 0.0 0.0 
0.0 0.0 0.0 0.0 0.0 0.0 0.0 0.0 0.0 0.0 0.0 0.0 0.0 0.0 0.0 0.0 0.0 0.0 0.0 0.0 0.0 0.0 0.0 0.0 0.0 0.0 0.0 0.0 0.0 0.0 0.0 0.0 0.0 0.0 0.0 0.0 0.0 0.0 0.0 0.0 0.0 0.0 0.0 0.0 0.0 0.0 0.0 2.701309162184658E-4 1.0426354823034158E-4 2.884664827780154E-4 5.779985423410922E-4 7.74537033851608E-4 4.0059433424065793E-4 4.5283505621376575E-5 0.0 0.0 0.0 0.0 0.0 0.0 0.0 0.0 0.0 0.0 
0.0 0.0 0.0 0.0 0.0 0.0 0.0 0.0 0.0 0.0 0.0 0.0 0.0 0.0 0.0 0.0 0.0 0.0 0.0 0.0 0.0 0.0 0.0 0.0 0.0 0.0 0.0 0.0 0.0 0.0 0.0 0.0 0.0 0.0 0.0 0.0 0.0 0.0 0.0 0.0 0.0 0.0 0.0 0.0 0.0 0.0 0.0 1.3011528202902861E-4 1.2827532759212114E-4 4.995729240472739E-4 0.0012899914886875278 7.034326833629198E-4 2.0944307990328052E-4 1.1259133671164604E-4 0.0 0.0 0.0 0.0 0.0 0.0 0.0 0.0 0.0 0.0 
0.0 0.0 0.0 0.0 0.0 0.0 0.0 0.0 0.0 0.0 0.0 0.0 0.0 0.0 0.0 0.0 0.0 2.0760056979822808E-4 5.788770374238961E-5 0.0 0.0 0.0 0.0 0.0 0.0 0.0 0.0 0.0 0.0 0.0 0.0 0.0 0.0 0.0 0.0 0.0 0.0 0.0 0.0 0.0 0.0 0.0 0.0 0.0 0.0 0.0 0.0 0.0 2.0618343491373084E-4 0.0011130815090907313 7.36350704765776E-4 3.722539582803559E-4 5.798915531945054E-4 5.248904402063134E-4 0.0 0.0 0.0 0.0 0.0 0.0 0.0 0.0 0.0 0.0 
0.0 0.0 0.0 0.0 0.0 0.0 0.0 0.0 0.0 0.0 0.0 0.0 0.0 0.0 8.533119119987895E-5 1.9835008310583569E-4 0.0 1.714344736787736E-4 6.005174031055423E-6 9.708527612824855E-5 0.0 0.0 0.0 0.0 4.8215529193719334E-5 0.0 2.632927395623653E-4 1.894330081621176E-4 1.1977922466286614E-4 0.0 0.0 0.0 0.0 0.0 0.0 0.0 0.0 0.0 0.0 0.0 0.0 0.0 1.0752967596874325E-4 0.0 0.0 0.0 0.0 0.0 0.0 4.546249070320747E-4 4.431459422664831E-4 9.459541184582982E-4 7.971796470664041E-4 2.5867212494172227E-4 0.0 0.0 0.0 0.0 0.0 0.0 0.0 0.0 0.0 0.0 
0.0 0.0 0.0 0.0 0.0 0.0 0.0 0.0 0.0 0.0 0.0 0.0 0.0 2.0932824475363167E-5 8.522367811407102E-5 2.5674830911562915E-4 1.1760828124720264E-4 2.6669878560169197E-5 9.989343943027227E-5 1.5631984009740782E-6 0.0 0.0 0.0 6.261342858218964E-5 4.0329666972826393E-4 5.732304285562395E-4 0.0016751416587893404 0.0015711994277992833 0.0016118877212280378 0.0012421265926090119 5.167170248971936E-4 1.7579137703119284E-4 0.0 1.2349226050645238E-4 2.670629814530449E-4 1.82708798488686E-4 4.101591032314819E-5 1.9229969360104728E-4 1.8805090380422253E-4 2.1034868073104446E-5 0.0 8.872467173569493E-4 8.236362216744311E-4 2.923948204932763E-4 1.5049214816384904E-4 6.731280659928551E-7 0.0 0.0 0.0 1.4566381724027787E-4 6.194659887218398E-4 7.520361845511149E-4 3.385007122238593E-4 0.0 0.0 0.0 0.0 0.0 0.0 0.0 0.0 0.0 0.0 0.0 
0.0 0.0 0.0 0.0 0.0 0.0 0.0 0.0 0.0 0.0 0.0 0.0 8.10324808014033E-5 1.9689632465644046E-5 1.878170947048715E-4 3.879054691548435E-4 3.9259689490679664E-5 0.0 1.036277913197314E-5 0.0 0.0 7.846084066784585E-5 1.2599850428737387E-4 5.973568303000708E-4 0.0019021215436994528 0.0026432262064056133 0.0046385002501876955 0.0047495235252488395 0.004974921374587168 0.004151393480077649 0.0027376322668496603 0.0017995483763245943 0.0018520626080666595 0.0022130249363593057 0.0025705702933002243 0.001958708487498595 0.0014759706052863647 0.001302469681677956 0.00129819302024799 0.001139573226235583 0.0011346840443021064 0.0018974784123213834 0.0014259203541542712 0.002224107685782531 0.0015562309032414357 6.13899388016532E-5 8.842955100512903E-5 2.0637351994677437E-5 8.738954287987717E-5 2.9787309338482725E-4 2.277830176624255E-4 1.786924946018514E-5 5.8222342440999696E-5 5.526880758742374E-4 3.7689099751169646E-4 0.0 0.0 0.0 0.0 0.0 0.0 0.0 0.0 0.0 
0.0 0.0 0.0 0.0 0.0 0.0 0.0 0.0 0.0 4.3576477305300316E-5 0.0 7.574461422757894E-5 2.9661574912015113E-4 3.652999377687883E-4 1.1610791474271882E-4 1.5148860105205995E-4 0.0 0.0 0.0 0.0 3.4540096050830414E-5 8.044026952122933E-4 0.001093820273649015 0.0028586522844609203 0.0053321043279924265 0.007353664488763157 0.010042839410325253 0.012360550257263169 0.013250269235240397 0.014301647433416482 0.014253143977018642 0.014147787156689037 0.013341643728187061 0.011085296403855074 0.010048085534767055 0.00940799743943106 0.008131194203051278 0.0065062984299479616 0.005909094896436073 0.004712064573179652 0.0037066361380383795 0.003368365087227269 0.003355541273904209 0.0031981242471980404 0.0019376115717253295 0.0012927298476524637 0.0010847268218055718 2.1047623846205083E-4 2.647781153629489E-4 0.0 5.419234069588226E-6 1.1988205509657628E-4 3.9942389379822054E-4 6.911672944753305E-4 2.0568742016973987E-4 0.0 0.0 0.0 0.0 0.0 0.0 0.0 0.0 0.0 
0.0 0.0 0.0 0.0 0.0 0.0 0.0 0.0 2.3010431113712303E-6 2.0091599086800315E-4 1.4176383670475472E-5 1.570911882766675E-4 3.0600750769221754E-4 6.299614554539231E-4 3.776985488287804E-4 0.0 0.0 0.0 4.852286392495123E-5 0.0 6.683940504910514E-4 0.002865478201374894 0.003981444754032809 0.007895711115695925 0.011578670936078707 0.01643285916588076 0.02067633535501698 0.02733248169933876 0.03149067264655801 0.038223235000140514 0.038207566319188126 0.03942820053388302 0.03517045940400845 0.030885771572727847 0.030758615388764905 0.028028702809725158 0.023543906615521033 0.020725734224657448 0.016398406616087696 0.012022371189590772 0.009088129129970467 0.0071082988100643 0.004176645418920505 0.003527710849294747 0.0035484812053048617 0.004790256372118712 0.002363197992944239 7.123415069863832E-4 3.4023068514496085E-4 2.731390472136463E-4 1.7443300839211384E-4 4.4507554827528923E-4 2.751101289078764E-4 2.962243651488014E-4 2.284161514132249E-5 0.0 0.0 0.0 0.0 0.0 0.0 0.0 0.0 0.0 
0.0 0.0 0.0 0.0 0.0 0.0 0.0 0.0 1.616762408251937E-5 2.014672428140555E-4 8.64197679198867E-5 1.534100835807163E-4 2.1470469746338633E-4 2.6934993463438415E-4 2.587535509650839E-4 1.3530223382776356E-4 0.0 8.662536900564908E-5 7.723082622904367E-4 0.0011926091278311073 0.0027758115052767107 0.007272611099442381 0.00971569700364605 0.016117453329001004 0.02465012181807788 0.03469573691629228 0.045852714126356525 0.054368449871599195 0.06058640310027247 0.07259305703845428 0.07213391415382667 0.07570096659140614 0.08164026864194952 0.07397722826884023 0.07045218229358517 0.06451365723554998 0.051381303491906775 0.04309431925337771 0.03536073866131516 0.026583621663235316 0.01916587480711548 0.013384209956068958 0.006779345174025727 0.0052205331788166475 0.004313054273697877 0.0027485311945668694 0.0014424331895932945 0.0014702586299133807 0.0015957300758960443 8.694737784017308E-4 3.6322489893584784E-4 3.3767881847919414E-4 0.0 3.644868655908228E-4 3.022108969028884E-4 0.0 0.0 0.0 0.0 0.0 0.0 0.0 0.0 0.0 
0.0 0.0 0.0 0.0 0.0 0.0 0.0 0.0 0.0 3.3531943873354916E-4 1.2833231273021384E-4 5.080659309648167E-4 5.722458276192906E-4 4.0291149405423464E-4 1.8686621745661456E-4 1.7810854015874817E-4 0.0 6.168990864546245E-4 0.0018772747650366891 0.005947022853936727 0.009100181991673046 0.014226838515754667 0.018485257288385716 0.02901959987936009 0.044264279126584635 0.06012979646857047 0.0790108554620621 0.09355206989016017 0.10743816877845043 0.11752701825152062 0.12199619603634564 0.13585829212081543 0.15054685387304928 0.14635479935188345 0.13900781532883438 0.12987203407820563 0.10022211594122643 0.0809120188698132 0.06592482985070588 0.05086577144939927 0.03775674422222079 0.02453470891679351 0.01562392388761219 0.010739483050691185 0.005187130966401091 0.001780629656231711 0.002767524444390305 0.0033025590678491057 0.0020321370477275158 8.492829781981918E-4 2.511186859357008E-4 3.7810928987364793E-4 5.047900541688944E-4 8.180516494175023E-4 4.218990770238146E-4 0.0 0.0 0.0 0.0 0.0 0.0 0.0 0.0 0.0 
0.0 0.0 0.0 0.0 0.0 0.0 0.0 0.0 0.0 6.125710365163083E-5 0.0 5.424806025436214E-4 6.007297945665045E-4 4.727630548406591E-4 4.3457405805658104E-4 4.6158505615250667E-4 8.528084191863788E-4 0.002124742786116937 0.004957580873615998 0.009613262688068457 0.015718430038601676 0.020797441765231784 0.02740344038124594 0.04388001261924666 0.0677996640373809 0.09005727568829724 0.11916544810317097 0.1503670722366932 0.1776616677418021 0.20270053328484086 0.2225489044719518 0.23442653975285405 0.23573091038407468 0.24215704765869125 0.23012910051280833 0.21510745993196076 0.18038780878611035 0.14370549097264518 0.11618965272396128 0.08740647456052113 0.06607309783997284 0.048103804047658266 0.03333835286398449 0.020873428193722517 0.007526587743984649 0.004554487832354966 0.0040260160242935545 0.0017583696238874002 0.0010835551964694914 0.0012809880511213908 0.0011931822223815297 0.0011688133954195572 6.969424361309994E-4 5.081598540416925E-4 1.1868229338495491E-4 0.0 0.0 0.0 0.0 0.0 0.0 0.0 0.0 0.0 
0.0 0.0 0.0 0.0 0.0 0.0 0.0 0.0 2.237164162405412E-5 4.0541637083116734E-4 8.773877390195918E-5 3.3114675486265096E-5 2.006681235564505E-4 3.669003534409758E-4 3.574646558801737E-4 0.0012052244483687022 0.004329316148148816 0.008103671231863318 0.010978789886522494 0.014364538153724498 0.020850489510560313 0.03176723634185725 0.04676502876793301 0.06996515544413304 0.10484506301915031 0.1366588583147655 0.17662161250934785 0.2302141465925481 0.27377892285598365 0.3154517690017182 0.34973661367103287 0.387758903849138 0.40835791003977573 0.39344843663035456 0.3473476658360329 0.3052223556103494 0.2728866145546665 0.21935472403568484 0.18205274811607702 0.13156745901405192 0.09114220966218593 0.06807359067431855 0.043084023784880986 0.025259713860168315 0.015659842460376952 0.010812479429754043 0.004030841574351158 9.674514144303831E-4 0.0018984229311002517 0.0025687715553983376 0.0019863750629234233 8.847147574371146E-4 2.3679380970789438E-4 3.2034637609231945E-4 0.0 0.0 0.0 0.0 0.0 0.0 0.0 0.0 0.0 0.0 
0.0 0.0 0.0 0.0 0.0 0.0 0.0 0.0 1.6759307071528961E-4 7.018945522518208E-4 3.9324572735642375E-4 5.400206177874923E-4 7.680390239344164E-4 0.001172999672371177 0.0015448423085639227 0.0027529792998747006 0.007348195104133288 0.012547760070582148 0.018930018555649655 0.021763427874469953 0.028270942021520275 0.04949192796341351 0.07649676574453437 0.10691544927013127 0.14354111771054184 0.18365740937914482 0.23284285127945992 0.30150715428325114 0.3468657820768333 0.39658660510259175 0.43069277839673453 0.47709009135134883 0.500298343215469 0.473524168838135 0.43404952777539735 0.38910733070987097 0.35235008658928046 0.29160916720690905 0.2357817247488249 0.17476725119077413 0.12603088728426046 0.08820627454665465 0.057601273858766525 0.04160328097470072 0.03054109387830718 0.016830146094013034 0.004960709080855814 0.0020703140678785073 0.002569773638902503 0.001873900755930609 6.925490432576001E-4 2.6512295565490294E-4 3.808314626373897E-4 0.001266514607791268 3.419712462657228E-4 0.0 0.0 0.0 0.0 0.0 0.0 0.0 0.0 0.0 
0.0 0.0 0.0 0.0 0.0 0.0 0.0 0.0 7.310848800578161E-5 2.671133361915629E-4 4.41886208318698E-4 0.00108059510684436 0.001421446854717942 0.002521987660352955 0.005165383252004512 0.007453688096269974 0.010612088330055893 0.012549294234343257 0.01672471495177774 0.027464520682119076 0.039437206404717665 0.059995694327428316 0.0946006785620159 0.1281272651478144 0.16587141769804847 0.21328461579533312 0.2729461664848023 0.34939829309650994 0.39693986533270226 0.4621691826710562 0.5114816592367992 0.5250258307804413 0.5039211984838555 0.5289558988958554 0.5111495887878105 0.4683156305420639 0.420105033522948 0.3485088974272924 0.2826132059152334 0.22229392445335386 0.16327836489487632 0.10995653581148178 0.07891272587148701 0.060416667791921425 0.04171790241248756 0.02105854897135472 0.009859204447017732 0.0055555302194228995 0.0024208020264440667 4.980848191941093E-4 6.152844146670238E-4 0.001447910799363535 0.002373433182862725 0.002376927113642559 7.888066552490563E-4 2.671067577064356E-4 0.0 0.0 0.0 0.0 0.0 0.0 0.0 0.0 
0.0 0.0 0.0 0.0 0.0 0.0 0.0 0.0 1.1208549227631392E-5 2.4071254643521998E-4 2.611087193647456E-5 3.96371440033325E-4 9.254469274793698E-4 0.0023067314281260765 0.006087787973163361 0.0092408216045893 0.012047313640759926 0.011252682499849684 0.01562975439459243 0.02968386719157372 0.050076783813043646 0.07210497780914277 0.10543247867360428 0.13435366810961435 0.18175363519211687 0.24156038832948748 0.3066689792323014 0.3890538824825659 0.44773649527883974 0.5122654286687255 0.5815191281149638 0.6278162704431534 0.6368438662408494 0.6471335460587146 0.5984357704578801 0.5432125462828017 0.5032471438450646 0.4223952941105334 0.35327408386301173 0.2742895298599435 0.2097629360451948 0.1462163228391505 0.10560989271586718 0.06713759510145524 0.040416434066637266 0.02433341965092814 0.01885219684013454 0.011179250833908243 0.002956139018917833 4.4134658484454694E-4 0.0010674615550479007 0.0020628355128865855 0.00202945766437167 0.0012047315937127672 3.266755137565451E-4 6.792153841840958E-5 0.0 0.0 0.0 0.0 0.0 0.0 0.0 0.0 
0.0 0.0 0.0 0.0 0.0 0.0 0.0 0.0 1.2762445549653175E-4 2.4275188615953758E-4 2.426694116891364E-4 5.909389660752827E-4 0.001148004163830099 0.0016872832179341962 0.003764487280853259 0.005797071571245883 0.007875891261080483 0.010152576241360784 0.017998383722996596 0.03369133379902021 0.055101450024783956 0.08001126857188538 0.1132930957286371 0.1476707449685071 0.19972249622543212 0.2759774100952648 0.3544263238883493 0.4435281694415398 0.5338936499516225 0.6079770411474756 0.6845389331748533 0.7923758770232741 0.8351484372329457 0.8027539146975138 0.7507566626989669 0.6700799034444695 0.6125278555129418 0.5146091466443263 0.4460554897449191 0.3343954733411272 0.26518935360941054 0.1983084824279588 0.13964014935925645 0.08076015467437352 0.0528589895369391 0.03778486514599743 0.026385730567749087 0.013392054994320524 0.0034523428655479195 9.54959208787074E-4 7.927342616686893E-4 8.400100964327837E-4 3.2291278419232773E-4 3.676909764378966E-4 1.8249979185949245E-4 3.8096054098267847E-5 0.0 0.0 0.0 0.0 0.0 0.0 0.0 0.0 
0.0 0.0 0.0 0.0 0.0 0.0 0.0 0.0 3.6299579641881665E-4 4.256293277284861E-4 9.516818451452703E-4 0.0021312995086075442 0.003185333451274614 0.004199629273656285 0.004408340302263205 0.0038632238631180487 0.005885839676047402 0.013417309552487008 0.027902641175054785 0.042796995699356265 0.0642589710629858 0.08884374571987025 0.12711244105642328 0.1800533147956058 0.24101364883078374 0.31238714046591737 0.4093527056765166 0.4940888814091388 0.5932931638752174 0.6893815394650497 0.7789831941126296 0.8392522958124283 0.8641712650631608 0.866329098496046 0.8515119519805459 0.7909972837645237 0.7055958558950368 0.5938161692772799 0.5098766342973954 0.38626036740368375 0.31523981552530855 0.23016485053209843 0.1559517913476242 0.09452905422938329 0.061433281979492535 0.03572543521686738 0.01965618795188008 0.010519458256064795 0.006458687123117747 0.005104996509691555 0.0028510866063428237 8.747634291808102E-4 1.802594216676378E-4 1.3404618666572836E-4 3.4776828545223133E-4 2.186476639939163E-4 0.0 0.0 0.0 0.0 0.0 0.0 0.0 0.0 
0.0 0.0 0.0 0.0 0.0 0.0 0.0 0.0 1.378487451336081E-4 3.238568065639069E-4 9.20983133019632E-4 0.0024148023985860667 0.0039856763861212926 0.005606048055677076 0.0052291755246722 0.00408444915216805 0.006097703760197618 0.01640446847050733 0.03280747991091839 0.04919057225537838 0.06535835467069785 0.09013149430134215 0.13568038482476072 0.20010745978840913 0.27263387091480157 0.3406538718851502 0.4441788462449981 0.529191158617602 0.6397229273913675 0.7331618484505199 0.8271219737635755 0.842164578420388 0.9108576737480896 0.8877178536827572 0.8704770668395541 0.8546984877142848 0.7610525762757435 0.6423919865413305 0.5255153882563538 0.40960382722787997 0.32719057240062976 0.2377834850406725 0.17280204847842062 0.11551447373440929 0.07446877047437622 0.03652417604729027 0.015348800595462928 0.01166560492304208 0.01267345009493678 0.010546153680016464 0.005564806739835449 0.0015663021636593717 3.7254904408494643E-4 1.6879612535277954E-4 4.8068346179708753E-4 5.31357187992901E-5 0.0 0.0 0.0 0.0 0.0 0.0 0.0 0.0 
0.0 0.0 0.0 0.0 0.0 0.0 0.0 0.0 7.828737078720189E-6 9.543055228327731E-5 1.9233210836300753E-4 0.0010637041871806269 0.0019350519311327342 0.002935459780151511 0.0036482880911704136 0.004882169400133231 0.008353452154806958 0.015101452834282497 0.025672188405834507 0.03890714221330766 0.05737869443872414 0.09097920304497178 0.14009206872172225 0.2057822148772007 0.2824069026071738 0.36821380767264367 0.4557540190335064 0.5612688083331846 0.6720750051656649 0.7650261376344065 0.8737159430899594 0.9120441910225099 0.9693281958919109 0.9597816264567633 0.8958188476782529 0.862785139789314 0.7841131653605135 0.6801206956836211 0.5542354034442715 0.44025991141957355 0.3395955149042417 0.2451523772865417 0.18423300054656117 0.12426991445451506 0.07800415882541925 0.04097232462649753 0.020846702747403585 0.014296367667604587 0.01176975214465443 0.008057776683224833 0.0036734559373279045 8.194322816205638E-4 1.8061531311881947E-4 2.1393364059599132E-4 1.4391993270571025E-4 0.0 0.0 0.0 0.0 0.0 0.0 0.0 0.0 0.0 
0.0 0.0 0.0 0.0 0.0 0.0 0.0 9.461217122317006E-6 8.51985744412662E-5 6.211063035492481E-4 4.93461410195377E-4 9.252876826875466E-4 9.311731556686135E-4 0.0015143545414021528 0.004596815910667169 0.010105654710138148 0.01631475370508186 0.020307080421316747 0.02287293472624054 0.030493067767348805 0.053942755193771834 0.09702941523074836 0.14860516526455184 0.21287354233551223 0.2873044862634323 0.3904358840511229 0.4659319648079025 0.5763864473522127 0.6815966304762674 0.7645044116267952 0.8480642391050105 0.9728989579324541 1.0 0.9675292382844857 0.9356520099526534 0.8662125410474502 0.8150368058834635 0.7143128844199038 0.5881661238132733 0.47148376060533387 0.36677302187388744 0.27040343464502364 0.1905757430105046 0.11989067030439739 0.07692655348484394 0.05007084993135649 0.03234548881575508 0.018823101094144343 0.0068777601059465026 0.0017785207314619832 9.29906557428841E-4 0.0010069754281685718 6.089973704045653E-4 6.693328171558502E-4 0.0 0.0 0.0 0.0 0.0 0.0 0.0 0.0 0.0 0.0 
0.0 0.0 0.0 0.0 0.0 0.0 0.0 2.069043656635238E-4 2.5144654055259607E-4 0.0012145197319807703 0.0016619204268903246 0.001531237495738233 0.0011378553536503567 0.0015297345734094337 0.005651303465481841 0.01211833311278425 0.018248913996469978 0.0205432603462298 0.02140568883400695 0.028783263862493504 0.05249841824656371 0.09308942550819203 0.146202375046364 0.21044415047150752 0.28405232039816714 0.38363327597895 0.4653871813450575 0.574551470305458 0.6947167950307263 0.7982808153190389 0.83884273840528 0.9233762162170616 0.9472381465678475 0.9511495189424072 0.9457151122522144 0.8895851568889994 0.8085441279345134 0.6894544015309682 0.5744711543012998 0.4502134491012693 0.3556556167622028 0.2638583215939948 0.18073221965346986 0.10799463480705862 0.0678015079852688 0.051314144313509585 0.04039061950750744 0.023782901018516593 0.008013270638176749 0.0010725707957804146 8.889478244298227E-4 0.002252450748238753 0.002307230177215051 0.0022775246330462373 9.082817200470381E-4 0.0 0.0 0.0 0.0 0.0 0.0 0.0 0.0 0.0 
0.0 0.0 0.0 0.0 0.0 0.0 0.0 2.602679962168758E-4 2.914372270304916E-4 0.0010489754174403106 0.00106619926011842 9.125779270164749E-4 6.784198139595951E-4 0.0013062744496732661 0.0049340987227600485 0.007856427002792219 0.01104428016467189 0.016826563882686944 0.024885091657313445 0.041307593582664136 0.06301253494638198 0.09082442720749294 0.13961195672737906 0.20737622208114861 0.2752426132590601 0.3644303167701249 0.4553886172302006 0.5558076408828528 0.6666739717305045 0.7718172196429727 0.8155470255424254 0.9100869058284653 0.9081072220070967 0.9259259177121323 0.8876801698262562 0.8195894073451178 0.7529519621778601 0.6373927561793399 0.5292062127567706 0.4108672153684722 0.3221310141162392 0.23348953345928358 0.15789730410141384 0.10605998326229071 0.07108395835880672 0.04791978072975383 0.031251500642266276 0.017518226571145355 0.006855848467618322 0.0013745691905755594 6.805763571443753E-4 0.0015309764797973805 0.0015996345223537587 0.0017465581313958814 7.772662836552221E-4 0.0 0.0 0.0 0.0 0.0 0.0 0.0 0.0 0.0 
0.0 0.0 0.0 0.0 0.0 0.0 0.0 4.4224260383714375E-6 1.0706796113521024E-4 3.603077141666865E-4 1.9589281355553175E-4 5.527963635951921E-4 0.002016631339690108 0.0036363849163121922 0.005605745954622907 0.005102018397605151 0.006303628950747285 0.014381346476398814 0.031000993121685336 0.04669332929228098 0.06675321419811799 0.09062368193952341 0.13167809255917146 0.1913139556622167 0.2506826442065291 0.339608062154045 0.4364472915682528 0.5180476305099339 0.6176674095064013 0.7262114386158446 0.792870238265335 0.8807670267416647 0.9042127532730596 0.8520888034513951 0.7694086969964982 0.7119903564225498 0.6560786326193082 0.5593797812226752 0.46151053721581936 0.359084362931849 0.2769736378242128 0.1949267208706021 0.1330502262514722 0.09818801858718548 0.06923997664317132 0.03957127027107791 0.019717605739843255 0.00853813577703449 0.0055908380605908855 0.003377408932681464 0.0021032781489280375 8.028659705524083E-4 1.359153500501614E-4 5.219676616855596E-4 1.6502382191296643E-4 0.0 0.0 0.0 0.0 0.0 0.0 0.0 0.0 0.0 
0.0 0.0 0.0 0.0 0.0 0.0 0.0 9.078647111792386E-5 2.940661677876649E-6 3.200758281512646E-4 6.148838653252828E-4 0.0018759005021621547 0.004281772273027454 0.0057319500347127825 0.005951026359549945 0.004503624289712998 0.005375574522604811 0.01366472101060903 0.026847432043474808 0.04079790199167288 0.06052600046707519 0.0900645717587087 0.11889813134063917 0.16734608245084895 0.2134617309880307 0.2891031231561171 0.377423549288648 0.45758314772348596 0.5266006885017707 0.6093663799020641 0.6718166595608389 0.6861167358018398 0.7410372693859096 0.7588625889847322 0.6925130250114375 0.6243959671118036 0.5486361914105764 0.469678450983303 0.381174197469733 0.2936416826735054 0.23122396216084506 0.1625266262881272 0.11349137352273019 0.08378970784723508 0.059714073117348915 0.03355070862506226 0.01482487410481113 0.00632110066000745 0.007195321714870395 0.006816015439288494 0.005172244638168231 0.0024665687460769573 7.47588768168202E-4 3.492765424382537E-4 0.0 0.0 0.0 0.0 0.0 0.0 0.0 0.0 0.0 0.0 
0.0 0.0 0.0 0.0 0.0 0.0 0.0 1.2057379164695023E-5 7.78414077078701E-5 3.09383925279657E-4 0.0012197192559499543 0.0025536358023661057 0.0033560737604341694 0.0034768010851583386 0.0032717602280551835 0.004297491259102743 0.006860828984980603 0.011488735529958672 0.017992262169103747 0.029518136124787785 0.05129687720103604 0.08185382800727949 0.10229524583593495 0.139056792402542 0.18001439025862764 0.23550090130982093 0.3032301657691905 0.38186640979278436 0.44065757886329215 0.5011836095046529 0.5523448256607832 0.5613283521016291 0.5644976653599922 0.6019855989543271 0.6032780223504085 0.5462150412757035 0.48840910375765045 0.41997113426276667 0.3172617206964877 0.26436528397415754 0.20325474713320443 0.15568199950783304 0.11228754854773008 0.06985504294661156 0.04286336665772227 0.02488136238868937 0.01493289670363055 0.008178058380423141 0.0062044933496412285 0.0048952840199620465 0.0041666697197075536 0.0023997440472010964 9.861245683391267E-4 8.688095248494224E-4 3.073915740036574E-4 0.0 0.0 0.0 0.0 0.0 0.0 0.0 0.0 0.0 
0.0 0.0 0.0 0.0 0.0 0.0 0.0 2.4752181173764667E-4 4.132088639662976E-4 4.01812782488421E-4 4.0896851125535197E-4 8.444348428334725E-4 7.487021486510365E-4 0.001476327158342008 0.0034461865790573303 0.007502039076590695 0.010340288519804352 0.011294746172008194 0.014150265946222755 0.02458556206345164 0.04085442597850194 0.06354113006328826 0.0872793181337141 0.11847698219116498 0.15072639356812909 0.19165865447337166 0.2452495529588213 0.29892152362921426 0.35254984155355445 0.4048523929214081 0.4724970685466382 0.5286027695447029 0.5115148765674241 0.5170549146991819 0.51233483848382 0.45803611933509963 0.41670200477184666 0.36244263301907 0.24527982668876483 0.22854990117956514 0.17172653191337636 0.12360123075419038 0.09079582139121027 0.0526704404279344 0.026383614146617423 0.015498113333623524 0.013005460759306874 0.01102929372864194 0.0073112377694956295 0.0025866681927668275 0.001055092464169973 5.097642776605929E-4 3.149298419313089E-4 4.697946533870309E-4 1.2006108562588076E-4 0.0 0.0 0.0 0.0 0.0 0.0 0.0 0.0 0.0 
0.0 0.0 0.0 0.0 0.0 0.0 0.0 0.0 8.046481791381092E-5 6.621623811126564E-5 1.0097912310066346E-4 1.5422985908403338E-4 6.434358657837368E-4 0.002177928223107265 0.005334528787826832 0.008236652030539308 0.009262999646915652 0.009747754353618951 0.014038066388300527 0.02061033168040349 0.029958856497999863 0.04548097366233237 0.06939762235090301 0.09456459857893233 0.12274685264548614 0.15169525942750808 0.1989173772965772 0.2388633036502558 0.27784694495120305 0.30654072561631585 0.3533085563775998 0.41560086596419815 0.4106546108522505 0.39068965364015534 0.3982239404113451 0.3442832855228294 0.31558142612962753 0.26442030573157443 0.18525631074911017 0.17803326009855325 0.14203671126711365 0.09471560345657744 0.064105041873129 0.03863745329330036 0.024610969525063437 0.01486833867273395 0.010850109814057485 0.009404327857329694 0.00780239519591046 0.0033777045482906477 6.99467692111282E-4 2.2796173141369106E-4 2.4163162491462937E-4 3.6952273093738705E-5 0.0 0.0 0.0 0.0 0.0 0.0 0.0 0.0 0.0 0.0 
0.0 0.0 0.0 0.0 0.0 0.0 0.0 0.0 0.0 9.633628135309201E-5 4.0852548149582294E-4 5.741285559592287E-4 7.757148298134022E-4 0.00157646469777763 0.0030207463848182553 0.003858391034936422 0.00590441542912787 0.01020775816662701 0.015360270505411213 0.016413364638934672 0.02152343834525694 0.03300519651386427 0.05083748970963193 0.07139317122737138 0.09900694778973246 0.11956701708090564 0.155004732094004 0.1883892000420162 0.21088028345784623 0.23175668884746395 0.2513345509088825 0.2815864076540113 0.278655142105702 0.28401363233285276 0.29102931473314797 0.2706948390017505 0.24590057394465512 0.19600897421986754 0.1611855767324387 0.1401452862545199 0.11241401016108739 0.07490145257237461 0.04880638701155064 0.030779846542675245 0.024003582183512062 0.01915630647396462 0.010308980363010903 0.004463582781472515 0.0030060589102267558 0.0020547623814474287 6.384715156815173E-4 2.9077922815487554E-4 5.530003885855235E-4 2.71785634948697E-4 1.7887988675814115E-4 0.0 0.0 0.0 0.0 0.0 0.0 0.0 0.0 0.0 
0.0 0.0 0.0 0.0 0.0 0.0 0.0 0.0 2.94393340820295E-5 4.247384981042089E-4 3.995139375458694E-4 5.334173001039319E-4 3.6088001435778314E-4 2.549347583371906E-4 8.636221070606732E-4 0.0010438441151069018 0.003871738059404084 0.008273401562560815 0.010167639123280215 0.012495853622229472 0.018625057782919414 0.027446379737778227 0.03605718889172132 0.052207065187204346 0.07616003877871774 0.09398382907229808 0.11815355760059468 0.14621161460734233 0.16381411604409524 0.18487356753921363 0.19727475328631944 0.21550717160287072 0.23684958131517478 0.23869055584304927 0.21800716500220596 0.20094973861029367 0.1828603368455958 0.14878491203321892 0.12906232630755304 0.1026520076444724 0.07977044554217701 0.05374687095048738 0.03526153822404937 0.02370206852411284 0.017188054019111044 0.01474483214274267 0.009835985937333959 0.0029974541634922246 4.74493804421773E-4 1.741022552304619E-5 0.0 6.55545112724941E-5 3.7915870498802005E-4 3.7827456980599086E-4 4.47086586652497E-4 1.7463489672427392E-4 0.0 0.0 0.0 0.0 0.0 0.0 0.0 0.0 
0.0 0.0 0.0 0.0 0.0 0.0 0.0 0.0 2.0684709657365716E-4 2.1426678175931577E-4 7.637752782716862E-6 4.211146114876825E-5 1.8441097384921704E-4 3.2177193102953303E-4 7.70781200216453E-4 5.797226364216265E-4 0.0014815794054036549 0.002900430456954221 0.005000059514728934 0.010399419606233102 0.01699182173083374 0.02036897039735883 0.027071631686417717 0.03857812755022341 0.057219506107850586 0.07291368629422375 0.08873977569298849 0.11072631483860085 0.1281058973363433 0.1428061797143393 0.15829435337533862 0.16371864666205208 0.15829386860017533 0.1690337470368868 0.15596414050413135 0.13653604939863134 0.1233335015615306 0.10347100504116112 0.08826734851218868 0.06679670471511434 0.051537103710795236 0.03560164874765786 0.024938736760572018 0.01827136303941978 0.010480194700037363 0.004991980797688189 0.0033319676188060064 0.0014427481680155836 4.741286550946777E-4 7.548561666256201E-5 1.7823232857125358E-4 3.838882533451796E-4 7.410535369622755E-5 1.2660958411248597E-4 1.9269018767613537E-4 4.440722858868717E-5 0.0 0.0 0.0 0.0 0.0 0.0 0.0 0.0 
0.0 0.0 0.0 0.0 0.0 0.0 0.0 0.0 3.633196979169829E-6 1.388129024997624E-4 5.631115452129671E-6 3.886983664982608E-4 8.125327128696683E-4 3.8256167241169995E-4 3.8247064258301435E-4 2.2871371790975645E-4 5.326934719372884E-4 6.16956151054141E-4 0.0030553153527578154 0.006801558578102391 0.010114370163249472 0.014481002385183624 0.021397619055267283 0.029226957632367673 0.03943581048901281 0.050325372498723674 0.05921774447409868 0.07377618735355138 0.08690990503349005 0.08793586982209083 0.09962386128951022 0.10114696591725326 0.0954618632472419 0.09494868152398822 0.08573419550569773 0.07757564746466118 0.06932336708644342 0.060860671676101034 0.05089877750755733 0.03772969500417988 0.027612883586962796 0.019359027826675042 0.011959006597420298 0.009115432291563466 0.00601934698198642 0.001625350869042085 2.13704886294292E-4 0.0 3.525713732158852E-5 9.609030721131358E-5 4.002828115001686E-4 5.913896957795638E-4 5.780102849878451E-4 1.58665501393131E-4 1.771501845232602E-5 0.0 0.0 0.0 0.0 0.0 0.0 0.0 0.0 0.0 
0.0 0.0 0.0 0.0 0.0 0.0 0.0 0.0 2.5527623835764863E-5 5.556380837439031E-5 6.714030948165317E-5 6.092559385370458E-4 7.703970443889344E-4 1.7784302109757712E-4 2.4994067381198655E-4 1.6615746580161177E-4 6.787020658961815E-4 2.8846665875495653E-4 5.509099390232156E-4 8.080690925131921E-4 0.004090094381765096 0.007766356891580998 0.012955736637741584 0.017509228860705488 0.023109086874923912 0.028318684039126605 0.03410411047560622 0.04189989394142349 0.05284686495242753 0.05173218563931641 0.05675967567011897 0.0611339267513295 0.06070639824047181 0.05735483125460325 0.04955303446032247 0.046322384443868485 0.038108936704125865 0.033561888248649564 0.0262927365610481 0.019177662230037966 0.011801985090712747 0.00814031421911108 0.005103587273722824 0.0032357912749285548 0.00150528787145843 1.655843448786067E-4 0.0 0.0 0.0 1.3823262133938743E-4 2.045307640139455E-4 1.9483407741493057E-4 6.194657918641042E-4 4.923169719545556E-4 8.85059119530411E-5 0.0 0.0 0.0 0.0 0.0 0.0 0.0 0.0 0.0 
0.0 0.0 0.0 0.0 0.0 0.0 0.0 0.0 0.0 1.5016244287288947E-4 1.3498634349208262E-4 8.840468750284261E-5 3.856490039572094E-5 4.127339107561582E-4 6.208607996529886E-4 4.6566513353562937E-4 2.8070613656224906E-4 4.725165573443559E-5 2.8843433053205073E-5 1.870640254274707E-5 0.0010957134722189693 0.002261285093933871 0.005672110891146658 0.008604562608213554 0.012094918833124184 0.014836604077157563 0.01783339640497244 0.02130218705594823 0.027105464879771713 0.026723981508174812 0.027188516748940735 0.026219247134334676 0.021992088467744125 0.02306025868578035 0.02124616688575902 0.020341952671242062 0.01664493114923938 0.015107107667908647 0.012149128680147154 0.008576877070248463 0.004200855131562465 0.0023687616948408997 0.0012177336668901056 5.625364523151755E-4 7.620354832056391E-5 0.0 0.0 0.0 0.0 5.562670962014548E-4 3.3654448937106926E-4 6.88709605518899E-5 1.3244605227864952E-4 3.5952026540214796E-4 1.451285087784026E-4 0.0 0.0 0.0 0.0 0.0 0.0 0.0 0.0 0.0 
0.0 0.0 0.0 0.0 0.0 0.0 0.0 0.0 1.3982679482823254E-5 8.799239713948974E-5 4.74424674377651E-6 3.902256841762102E-5 2.3114048132993182E-4 7.581465441529443E-4 6.834472431858E-4 2.208504940679133E-4 3.167092354392253E-4 0.0 0.0 1.194099730212471E-7 0.0 1.1712050194480121E-4 0.00142742575119939 0.003072050919013756 0.004659381906480357 0.006908088892837253 0.008272083753948278 0.009850111992981908 0.011014194135817246 0.012480961329669615 0.01247462214569702 0.011857860213987626 0.010537344063593483 0.009218007134473634 0.007818273128786172 0.00800091404178983 0.006787353846514598 0.005359966818030379 0.0039857115869316164 0.002328235191871529 8.96876133399445E-4 3.201459509683988E-4 9.34823385006637E-5 3.454074109588284E-5 0.0 0.0 0.0 0.0 0.0 5.596189399349472E-4 7.343821752746739E-4 5.999958835607425E-4 1.6309461031641063E-4 1.0265846804741013E-4 4.318249482961744E-5 0.0 0.0 0.0 0.0 0.0 0.0 0.0 0.0 0.0 
0.0 0.0 0.0 0.0 0.0 0.0 0.0 0.0 9.824531510403808E-5 0.0 1.2146662396302894E-5 2.6113531341639696E-4 4.4658301834126385E-4 4.688843039626263E-4 2.9461694935050423E-4 1.3005491481923664E-4 3.031445276099361E-4 1.4088686245925223E-5 0.0 0.0 0.0 0.0 0.0 2.1009821554632415E-4 5.763352344601155E-4 0.0019100478661208346 0.0028812582295339854 0.0037275287512528498 0.003786686045711648 0.004385270715350795 0.0037753743197167415 0.0033929860574339206 0.0031090721405836637 0.002634499119916285 0.002615736528691526 0.002304867981676875 0.0013143134395468717 9.907407263044037E-4 5.283805150691099E-4 2.1967124870139753E-4 3.389590806007981E-5 0.0 0.0 0.0 0.0 0.0 0.0 0.0 1.1855619590201144E-4 2.9298254141154308E-5 3.703867598478565E-4 6.681944742561753E-4 4.8284186015330586E-4 1.0655168307092367E-4 0.0 0.0 0.0 0.0 0.0 0.0 0.0 0.0 0.0 0.0 
0.0 0.0 0.0 0.0 0.0 0.0 0.0 0.0 0.0 0.0 0.0 3.4183783805811406E-4 1.9182518441020687E-4 1.433761701312768E-4 5.419460606069634E-4 1.2171602125360929E-4 1.7946534829936091E-4 2.929310742403415E-6 0.0 0.0 0.0 0.0 0.0 0.0 0.0 2.8525220318912606E-4 5.81951223355812E-4 7.83027360413477E-4 7.107315096742371E-4 6.379107909731058E-4 3.938121654125769E-4 2.156085450578373E-4 0.0 0.0 0.0 0.0 0.0 0.0 0.0 0.0 0.0 0.0 0.0 0.0 0.0 0.0 0.0 0.0 3.5515284537725015E-4 8.916759939676385E-5 1.1189507192197738E-4 1.1719226809353375E-4 2.7663506664311145E-4 4.095285015693929E-4 0.0 0.0 0.0 0.0 0.0 0.0 0.0 0.0 0.0 0.0 
0.0 0.0 0.0 0.0 0.0 0.0 0.0 0.0 0.0 0.0 0.0 0.0 0.0 1.0126962693159616E-4 5.023292982882447E-4 1.275805888308539E-4 1.2911576105472446E-4 9.735151900656084E-5 0.0 0.0 0.0 0.0 0.0 0.0 0.0 0.0 0.0 0.0 0.0 0.0 0.0 0.0 0.0 0.0 0.0 0.0 0.0 0.0 0.0 0.0 0.0 0.0 0.0 0.0 0.0 0.0 0.0 0.0 0.0 6.105867733718155E-5 1.303300470397458E-4 2.3448522196170777E-6 0.0 2.008470874628623E-4 0.0 0.0 0.0 0.0 0.0 0.0 0.0 0.0 0.0 0.0 
0.0 0.0 0.0 0.0 0.0 0.0 0.0 0.0 0.0 0.0 0.0 0.0 0.0 0.0 1.0484041803226701E-4 4.6904734263358594E-5 1.741099655127153E-4 1.453207559478821E-4 0.0 0.0 0.0 0.0 0.0 0.0 0.0 0.0 0.0 0.0 0.0 0.0 0.0 0.0 0.0 0.0 0.0 0.0 0.0 0.0 0.0 0.0 0.0 0.0 0.0 0.0 0.0 0.0 0.0 0.0 0.0 0.0 0.0 0.0 0.0 0.0 0.0 0.0 0.0 0.0 0.0 0.0 0.0 0.0 0.0 0.0 
0.0 0.0 0.0 0.0 0.0 0.0 0.0 0.0 0.0 0.0 0.0 0.0 0.0 0.0 0.0 0.0 4.783165178301037E-5 2.600644845254182E-5 0.0 0.0 0.0 0.0 0.0 0.0 0.0 0.0 0.0 0.0 0.0 0.0 0.0 0.0 0.0 0.0 0.0 0.0 0.0 0.0 0.0 0.0 0.0 0.0 0.0 0.0 0.0 0.0 0.0 0.0 0.0 0.0 0.0 0.0 0.0 2.849459773708232E-4 1.7345782128743315E-4 0.0 0.0 0.0 0.0 0.0 0.0 0.0 0.0 0.0 
0.0 0.0 0.0 0.0 0.0 0.0 0.0 0.0 0.0 0.0 0.0 0.0 0.0 0.0 0.0 0.0 0.0 0.0 0.0 0.0 0.0 0.0 0.0 0.0 0.0 0.0 0.0 0.0 0.0 0.0 0.0 0.0 0.0 0.0 0.0 0.0 0.0 0.0 0.0 0.0 0.0 0.0 0.0 0.0 0.0 0.0 0.0 0.0 0.0 0.0 0.0 0.0 0.0 2.0002412823419253E-4 6.774920360641195E-5 0.0 0.0 0.0 0.0 0.0 0.0 0.0 0.0 0.0 
0.0 0.0 0.0 0.0 0.0 0.0 0.0 0.0 0.0 0.0 0.0 0.0 0.0 0.0 0.0 0.0 0.0 0.0 0.0 0.0 0.0 0.0 0.0 0.0 0.0 0.0 0.0 0.0 0.0 0.0 0.0 0.0 0.0 0.0 0.0 0.0 0.0 0.0 0.0 0.0 0.0 0.0 0.0 0.0 0.0 0.0 0.0 0.0 0.0 0.0 0.0 0.0 0.0 2.2641868305792155E-5 0.0 0.0 0.0 0.0 0.0 0.0 0.0 0.0 0.0 0.0 
0.0 0.0 0.0 0.0 0.0 0.0 0.0 0.0 0.0 0.0 0.0 0.0 0.0 0.0 0.0 0.0 0.0 0.0 0.0 0.0 0.0 0.0 0.0 0.0 0.0 0.0 0.0 0.0 0.0 0.0 0.0 0.0 0.0 0.0 0.0 0.0 0.0 0.0 0.0 0.0 0.0 0.0 0.0 0.0 0.0 0.0 0.0 0.0 0.0 0.0 0.0 0.0 0.0 0.0 0.0 0.0 0.0 0.0 0.0 0.0 0.0 0.0 0.0 0.0 
0.0 0.0 7.299069843615118E-5 0.0 0.0 0.0 0.0 0.0 0.0 0.0 0.0 0.0 0.0 0.0 0.0 0.0 0.0 0.0 0.0 0.0 0.0 0.0 0.0 0.0 0.0 0.0 0.0 0.0 0.0 0.0 0.0 0.0 0.0 0.0 0.0 0.0 0.0 0.0 0.0 0.0 0.0 0.0 0.0 0.0 0.0 0.0 0.0 0.0 0.0 0.0 0.0 0.0 0.0 0.0 0.0 0.0 0.0 0.0 0.0 0.0 0.0 0.0 0.0 0.0 
0.0 0.0 1.8656671122241157E-4 5.21237667966456E-6 1.8797213183095968E-4 0.0 0.0 0.0 0.0 0.0 0.0 0.0 0.0 0.0 0.0 0.0 0.0 0.0 0.0 0.0 0.0 0.0 0.0 0.0 0.0 0.0 0.0 0.0 0.0 0.0 0.0 0.0 0.0 0.0 0.0 0.0 0.0 0.0 0.0 0.0 0.0 0.0 0.0 0.0 0.0 0.0 0.0 0.0 0.0 0.0 0.0 0.0 0.0 0.0 0.0 0.0 0.0 0.0 0.0 0.0 0.0 0.0 0.0 0.0 
0.0 0.0 7.782896315646715E-5 7.460116170924507E-5 2.048421452828101E-4 0.0 0.0 0.0 0.0 0.0 0.0 0.0 0.0 0.0 0.0 0.0 0.0 0.0 0.0 0.0 0.0 0.0 0.0 0.0 0.0 0.0 0.0 0.0 0.0 0.0 0.0 0.0 0.0 0.0 0.0 0.0 0.0 0.0 0.0 0.0 0.0 0.0 0.0 0.0 0.0 0.0 0.0 0.0 0.0 0.0 0.0 0.0 0.0 0.0 0.0 0.0 0.0 0.0 0.0 0.0 0.0 0.0 0.0 0.0 
0.0 0.0 0.0 7.935869642577044E-5 3.7346068128731685E-5 0.0 0.0 0.0 0.0 0.0 0.0 0.0 0.0 0.0 0.0 0.0 0.0 0.0 0.0 0.0 0.0 0.0 0.0 0.0 0.0 0.0 0.0 0.0 0.0 0.0 0.0 0.0 0.0 0.0 0.0 0.0 0.0 0.0 0.0 0.0 0.0 0.0 0.0 0.0 0.0 0.0 0.0 0.0 0.0 0.0 0.0 0.0 0.0 0.0 0.0 0.0 0.0 0.0 0.0 0.0 0.0 0.0 0.0 0.0 
0.0 0.0 0.0 1.9215968790981453E-5 0.0 0.0 0.0 0.0 0.0 0.0 0.0 0.0 0.0 0.0 0.0 0.0 0.0 0.0 0.0 0.0 0.0 0.0 0.0 0.0 0.0 0.0 0.0 0.0 0.0 0.0 0.0 0.0 0.0 0.0 0.0 0.0 0.0 0.0 0.0 0.0 0.0 0.0 0.0 0.0 0.0 0.0 0.0 0.0 0.0 0.0 0.0 0.0 0.0 0.0 0.0 0.0 0.0 0.0 0.0 0.0 0.0 0.0 0.0 0.0 
0.0 0.0 0.0 0.0 0.0 0.0 0.0 0.0 0.0 0.0 0.0 0.0 0.0 0.0 0.0 0.0 0.0 0.0 0.0 0.0 0.0 0.0 0.0 0.0 0.0 0.0 0.0 0.0 0.0 0.0 0.0 0.0 0.0 0.0 0.0 0.0 0.0 0.0 0.0 0.0 0.0 0.0 0.0 0.0 0.0 0.0 0.0 0.0 0.0 0.0 0.0 0.0 0.0 0.0 0.0 0.0 0.0 0.0 0.0 0.0 0.0 0.0 0.0 0.0 
0.0 0.0 0.0 0.0 3.5618836088285956E-5 0.0 0.0 0.0 0.0 0.0 0.0 0.0 0.0 0.0 0.0 0.0 0.0 0.0 0.0 0.0 0.0 0.0 0.0 0.0 0.0 0.0 0.0 0.0 0.0 0.0 0.0 0.0 0.0 0.0 0.0 0.0 0.0 0.0 0.0 0.0 0.0 0.0 0.0 0.0 0.0 0.0 0.0 0.0 0.0 0.0 0.0 0.0 0.0 0.0 0.0 0.0 0.0 0.0 0.0 0.0 0.0 0.0 0.0 0.0 
0.0 0.0 0.0 0.0 8.245446422288342E-6 0.0 0.0 0.0 0.0 0.0 0.0 0.0 0.0 0.0 0.0 0.0 0.0 0.0 0.0 0.0 0.0 0.0 0.0 0.0 0.0 0.0 0.0 0.0 0.0 0.0 0.0 0.0 0.0 0.0 0.0 0.0 0.0 0.0 0.0 0.0 0.0 0.0 0.0 0.0 0.0 0.0 0.0 0.0 0.0 0.0 0.0 0.0 0.0 0.0 0.0 0.0 0.0 0.0 0.0 0.0 0.0 0.0 0.0 0.0 
0.0 0.0 0.0 0.0 0.0 0.0 0.0 0.0 0.0 0.0 0.0 0.0 0.0 0.0 0.0 0.0 0.0 0.0 0.0 0.0 0.0 0.0 0.0 0.0 0.0 0.0 0.0 0.0 0.0 0.0 0.0 0.0 0.0 0.0 0.0 0.0 0.0 0.0 0.0 0.0 0.0 0.0 0.0 0.0 0.0 0.0 0.0 0.0 0.0 0.0 0.0 0.0 0.0 0.0 0.0 0.0 0.0 0.0 0.0 0.0 0.0 0.0 0.0 0.0 
