971.9091729743933 2.6625616669212683E-5 10.178817995117782 -0.003806354412548174 -0.012183420747963858
971.2304669344751 2.5510140045581205E-5 10.180784956161553 -0.0036997184434997 -0.011924451282208537
970.5527081444633 1.0740071193918462E-6 9.431879302354496 -0.002220286021322515 -0.001274333384822357
969.8758946226678 8.30358603669112E-6 7.294021043985106 3.2721370939881034E-4 0.0071056880509280385
969.2000243929222 5.40976953080907E-6 6.904365493530035 0.0024213256778684578 0.005201506100554476
968.5250954845651 1.5354550211923923E-6 5.861924575448386 0.003041435051665431 2.82698715309726E-4
967.8511059324206 2.460435334428341E-6 6.788699062290769 0.002024047054544731 0.0032914059317427913
967.1780537767788 1.6605337681505507E-5 7.351691555114893 -1.1689420546967533E-4 0.010030392150756628
966.5059370633775 6.085504582368155E-6 7.804415093784071 -0.0027178025961264174 0.005425707753391601
965.8347538433829 2.4581493349571828E-5 10.01257456551498 -0.00550941330779009 -0.010871429621246764
965.164502173371 6.370357522201006E-5 10.105497895772013 -0.007201989945151643 -0.01823586261508836
964.4951801153084 8.59887985042129E-6 9.72848668078974 -0.00492326812450794 -0.005251562063397275
963.8267857365344 1.2765709069480298E-5 7.284943774871206 4.826425031612125E-4 0.008751431900591689
963.1593171097414 3.048600942653206E-7 6.862067931360443 6.225903228361807E-4 0.0012018339741573236
962.4927723129573 6.492693123525889E-5 9.927121069694412 -0.010393151629513375 -0.01678135561395755
961.8271494295262 1.3400028702793278E-4 9.561842355557566 -0.02254201166194772 -0.017172415908636884
961.1624465480911 5.761866415943947E-5 8.997186744973826 -0.01850010853990941 -0.0016015102625994149
960.4986617625746 1.0398655571779132E-6 6.476135740574126 0.001895547927972474 0.0016190677117669527
959.8357931721606 8.861021890396282E-5 5.190148988089938 0.019246882635082452 -0.012585008396513497
959.1738388812778 1.1766641458795227E-4 5.1061592033728305 0.020869940407565457 -0.016300593525567522
958.5127969995795 3.339969414461129E-5 5.864932418629655 0.014034433242065894 0.0013470783507746609
957.8526656419266 3.611302869963391E-5 6.814849712913978 0.007345330124255006 0.012675908839842251
957.19344292837 5.503445342493166E-7 9.467336494237358 -0.0015346066405333425 -9.546593850479623E-4
956.5351269841324 6.343456906629885E-5 9.954394615229448 -0.00975608729401628 -0.01675698194345776
955.8777159395902 2.845159547055852E-5 10.154479737018264 -0.004170097952478247 -0.012288678392106372
955.2212079302562 2.3760395733257195E-5 11.696220294885117 0.01110688800173941 -0.004132632562221655
954.5656010967622 2.6761489631420566E-5 11.10252244634708 0.00731176788330044 -0.010222587938731806
953.9108935848409 1.062846964020797E-4 9.244154678735923 -0.02365234886458127 -0.008189363748956291
953.2570835453082 3.804316315289459E-4 8.433997888857196 -0.04204352271785256 0.021719538579343625
952.6041691340473 3.246085794878112E-4 7.691775525799664 -0.015049978262085418 0.0410082606159086
951.9521485119894 8.618611826850929E-5 5.8397827887097655 0.02243724148479902 0.001585376726723313
951.3010198450978 7.081859871037959E-4 4.3808204221800375 0.011685945923601176 -0.06336448192581097
950.6507813043498 9.521239515988492E-4 3.726308296857221 -0.033954426014620995 -0.06649159742717742
950.0014310657208 2.392680637956354E-4 2.406814979179165 -0.03649276392494847 0.008192458272437607
949.3529673101656 0.001087519895311394 0.6508513074180264 0.03146976264653087 0.07320497843020815
948.7053882236025 0.0021461185660537124 0.011198999244136587 0.09678725905004368 0.056079551810487675
948.058691996897 0.0012055294394555953 -0.6034130952680421 0.08344507395762572 -0.007485777300369008
947.4128768258428 2.798739870738259E-4 -1.6807343041699436 0.015857903701945855 -0.03709252964409078
946.7679409111472 1.178304306597089E-4 -2.8834585200372658 -0.018740579562368673 -0.018247846934491708
946.123882458413 5.330827933337418E-5 -0.5435976162332281 0.017574034380703304 -5.212943410758328E-4
945.4806996781233 0.0013023183812847004 -0.6762241769981365 0.08570072900661715 -0.014030952967708808
944.8383907856229 0.0036028933986485454 -0.7923966986002338 0.13878464068366736 -0.03967579600328686
944.1969540011033 0.005520330384113441 -0.8035545259342864 0.17111523481872726 -0.0509904860977097
943.5563875495864 0.0069708293488629485 -0.7024765276907772 0.19695300215774386 -0.037578431855062405
942.9166896609067 0.008655368090772412 -0.4414054069998219 0.22268431199544356 0.016181498234364718
942.2778585696966 0.014580805881395553 -0.022129191944467053 0.25526901680474673 0.13675296239539733
941.6398925153688 0.035925155389908925 0.3000269329486045 0.3119004417832148 0.3302532588873549
941.0027897421016 0.0840281416520079 0.4345441612566123 0.4046912389158188 0.5641082220220716
940.3665484988214 0.15748681542412013 0.46408783532313436 0.5306169987432309 0.7877710161836298
939.731167039187 0.2439317809182317 0.4355838132027614 0.6875879669755438 0.960551213632847
939.0966436215746 0.33497962367958195 0.36081756672284016 0.8869858537672802 1.061580507405631
938.4629765090605 0.4357853779230076 0.25123543225539 1.13726445003583 1.0921807560838075
937.8301639694058 0.5572065943964035 0.13348743495408577 1.4211964936462669 1.0746499788234953
937.1982042750415 0.6955227604474135 0.0339055245788451 1.6981750491887087 1.0361409225230087
936.5670957030511 0.8250175623318772 -0.04009491074207894 1.92658924062519 0.9879879262155233
935.9368365351564 0.9154339077856568 -0.09497012783459624 2.082039945056856 0.9272194339969637
935.3074250577007 0.9545874617423715 -0.13647675345354138 2.162101445330005 0.8572264367187703
934.6788595616348 0.9534500466130986 -0.16369871770710454 2.1818637035913278 0.7970478541341595
934.0511383424998 0.9334174894779784 -0.17211142074349794 2.1639246855037517 0.7699235452308417
933.4242597004128 0.913044925561514 -0.15823465278123905 2.127978074924192 0.7905686726489707
932.7982219400516 0.904694030895343 -0.122731228235752 2.0875549829751665 0.8610596256594865
932.1730233706386 0.915330253970859 -0.07370605552568499 2.0534463924268778 0.9673184183733019
931.5486623059262 0.9434258388309231 -0.027036044684319194 2.0352731331632183 1.0775191069420318
930.9251370641815 0.9768597543960889 7.54236400874575E-4 2.0383914270490653 1.152797299002843
930.3024459681716 0.9997455348972859 0.0 2.0616298987800468 1.163888229444487
929.6805873451476 1.001338237262408 -0.03221659467347315 2.0983171197979207 1.0970166557895018
929.0595595268305 0.9790419413472645 -0.09534824638228834 2.1376978423815007 0.9510377722352237
928.4393608493962 0.9383938090779073 -0.1851324701699948 2.1664582097177396 0.7391890474828205
927.8199896534597 0.8892397162233938 -0.29203215110545955 2.1722408913814943 0.4901167707546042
927.2014442840617 0.8376936331349567 -0.4056082601280586 2.1472383887453437 0.23353604973741232
926.5837230906528 0.7856944638755996 -0.5229033609733129 2.0903123880576304 -0.01872929913669777
925.9668244270796 0.7412342018939149 -0.6466457418549805 2.01119904683467 -0.2684682664484238
925.3507466515692 0.720612793934388 -0.7677800578737823 1.935219139021246 -0.5020589170034645
924.7354881267152 0.7283290694611027 -0.8529393729241299 1.894310524940063 -0.6679479963798506
924.1210472194634 0.7350700945126659 -0.8613097440426785 1.8961125993937322 -0.6864811236523429
923.5074223010969 0.691413250358297 -0.7679067478270092 1.8917674470298003 -0.4910419391836588
922.8946117472217 0.575741033282931 -0.5605719409840368 1.780371039124061 -0.08307604875719476
922.2826139377524 0.42321423780888734 -0.22904345752379385 1.4655212513202995 0.42920299714779686
921.6714272568988 0.2900761466243875 0.2248289908127905 0.9340441478101008 0.8507659161644445
921.0610500931502 0.19665203458379357 0.7651885037323023 0.2989255225692108 0.995667799007049
920.4514808392621 0.12870158292273715 1.3436063245783352 -0.2377116853706468 0.8061284645317279
919.8427178922423 0.07344284443176786 1.9475203106748928 -0.49328874943231216 0.3990086449356458
919.2347596533361 0.03175568653491665 2.642531702866714 -0.416875341183989 -0.006204647932192164
918.6276045280129 0.011796956033847983 3.7051360359981533 -0.12025448235954833 -0.2236682643450969
918.0212509259521 0.014672002598387303 4.982692929329124 0.19989376425032512 -0.20035431455618377
917.4156972610292 0.0276231754242943 5.7210926321285855 0.38762918275605274 -0.018678441440362
916.8109419513019 0.03599913679837451 6.190755832667037 0.40398178482912644 0.1811413128670612
916.206983418996 0.03370726576018792 6.532431896308903 0.3093792675314963 0.29593424172523936
915.6038200904931 0.024290407178120015 6.785061698849877 0.19137687116985258 0.30868570656477146
915.0014503963147 0.015277540786924348 6.961061334306384 0.1064957191414765 0.26742485072646605
914.3998727711105 0.01011409847672529 7.050130852089663 0.06690757702309348 0.2242874289067412
913.7990856536442 0.007556829124432509 7.059966069338685 0.05588750533323887 0.19430191452811613
913.1990874867794 0.0054709011259416705 7.055388548894729 0.04827716478004369 0.1649964955354633
912.5998767174668 0.0032789798422032572 7.125739463029913 0.02828505823098325 0.12996229427675585
912.001451796731 0.0018471286894660738 7.337281270178373 2.7502213993841826E-4 0.09976071879310222
911.4038111796566 0.0013374053886344498 7.551113058455087 -0.017773240128692754 0.08294921901657411
910.8069533253752 0.0010008725140465235 7.5601193439143595 -0.016010479038397432 0.07156968762828192
910.2108766970516 5.341412452240533E-4 7.438480765787803 -0.0052622194863351165 0.05328186503800029
909.6155797618719 1.6846438574934905E-4 7.448958387465142 -0.0032664713313557935 0.029870864371173554
909.0210609910291 6.792820458544282E-5 8.105603958874658 -0.013213411372417681 0.01374819170156178
908.4273188597103 1.2504961933989644E-4 8.551401023603747 -0.024202989077402634 0.009094420693078782
907.8343518470841 1.6940378286712761E-4 8.696789481643297 -0.029387302190552536 0.006388059008522583
907.2421584362875 1.9624868455909802E-4 9.018073655075405 -0.032161897508877615 -0.003462300309136422
906.6507371144123 2.8431817808540025E-4 9.38595628430864 -0.03460006856162505 -0.01779918291643013
906.0600863724931 3.4632464930572357E-4 9.621122287085521 -0.03253754735980072 -0.02798324571850217
905.4702047054939 2.977916059267426E-4 9.77300118922457 -0.02588158978014865 -0.03019498804369796
904.8810906122958 2.2853815235204417E-4 9.788149465249743 -0.022255488826237416 -0.026774949475965176
904.2927425956835 2.022873919136264E-4 9.629522154050594 -0.024638563368651487 -0.021552555339722973
903.7051591623336 1.8374165484316674E-4 9.515234272977793 -0.025654574461453777 -0.017717447889754497
903.1183388228012 1.3434127825040187E-4 9.598627439626643 -0.02058489865374663 -0.016913222463263627
902.5322800915075 1.0270919659633297E-4 9.742906998110325 -0.015675524712399747 -0.017211629410561397
901.9469814867272 8.802892623561372E-5 9.668955220374658 -0.015639570133995917 -0.014808812852208586
901.3624415305767 5.3689132994982744E-5 9.536349251362687 -0.013626975141105446 -0.009842322247175905
900.7786587490007 1.2419548249842337E-5 9.944330860185966 -0.004135269571002409 -0.00694110602546838
900.19563167176 1.532736303379572E-5 10.933038041418847 0.003912961398661152 -0.008071424234094349
899.6133588324201 1.667586467084653E-5 10.500519638482332 1.7660301688071645E-4 -0.009348452153037146
899.0318387683376 2.4606020004315273E-5 9.626857046371441 -0.008563029484292661 -0.007450309923870746
898.4510700206486 1.4810228783535969E-5 9.405067889850542 -0.007747100645332461 -0.004174435364627804
897.8710511342562 1.055012603495972E-6 11.36575928037242 0.0018152781933673534 -0.0014880731926744661
897.2917806578195 7.576529703506104E-6 12.425740969073999 0.005853200856770435 0.0022925847954446965
896.7132571437395 9.311101019991628E-6 13.620982084821945 1.5608872337313784E-5 0.0069641823204980025
896.1354791481486 1.2776251414855468E-5 14.184963601314543 -0.004342526020737925 0.006899727901882147
895.5584452308985 1.0046755590789406E-7 11.158166030316915 4.5233931600208166E-4 -5.633489274000647E-4
894.982153955547 2.164364623089552E-5 11.238155056891106 0.007273990122057095 -0.007706659259171023
894.4066038893476 1.4660654657442688E-5 11.416840845749016 0.0070141597614727935 -0.005174385664534986
893.8317936032363 3.473454389841238E-6 13.28838553219818 0.0013932930270703636 0.004004413705891829
893.2577216718212 1.0949367378715002E-5 13.994324806607533 -0.002728139798061413 0.0070108551650017725
892.6843866733694 3.1182440487461443E-6 15.613209347737852 -0.0036647147885551234 -0.0016330002855204917
